822
537 0
1000 0
537 5
1000 8
537 9
1000 16
537 13
1000 24
537 17
1000 32
537 22
1000 40
536 26
999 48
536 30
999 55
768 45
536 34
999 63
536 38
998 71
535 43
997 79
535 47
997 87
535 51
996 95
534 55
995 102
534 59
994 110
533 64
994 118
533 68
993 126
532 72
992 134
532 76
991 141
761 111
531 80
989 149
530 84
988 157
530 89
987 165
529 93
986 172
528 97
984 180
528 101
983 188
527 105
981 196
526 109
980 203
525 113
978 211
524 118
976 219
523 122
975 226
522 126
973 234
521 130
971 242
746 188
520 134
969 249
519 138
967 257
518 142
965 264
517 146
740 209
963 272
516 150
961 279
515 154
959 287
513 158
956 295
512 162
954 302
511 166
952 310
510 170
949 317
508 174
947 324
507 178
944 332
505 182
941 339
504 186
939 347
502 190
936 354
501 194
933 361
499 198
930 369
498 202
927 376
496 206
924 383
495 210
921 390
493 214
918 398
491 217
915 405
490 221
912 412
488 225
909 419
486 229
905 426
484 233
902 433
482 237
899 440
480 240
895 447
479 244
892 454
477 248
888 461
475 252
884 468
473 255
881 475
471 259
877 482
469 263
873 489
467 266
869 496
464 270
665 387
865 503
462 274
861 510
460 277
857 516
458 281
853 523
456 284
849 530
454 288
845 536
451 292
841 543
449 295
836 550
447 299
832 556
444 302
828 563
442 306
823 569
440 309
819 576
437 312
814 582
435 316
810 588
432 319
805 595
430 323
615 462
800 601
427 326
795 607
424 329
791 613
422 333
786 620
419 336
781 626
417 339
776 632
414 343
771 638
411 346
766 644
409 349
761 650
406 352
756 656
403 355
751 662
400 359
745 668
397 362
740 674
395 365
735 679
392 368
729 685
389 371
724 691
386 374
719 696
383 377
713 702
380 380
708 708
377 383
702 713
374 386
696 719
371 389
691 724
368 392
685 729
365 395
679 735
362 397
674 740
359 400
668 745
355 403
662 751
352 406
656 756
349 409
650 761
346 411
644 766
343 414
638 771
339 417
632 776
336 419
626 781
333 422
620 786
475 605
329 424
613 791
326 427
607 795
323 430
601 800
319 432
595 805
316 435
588 810
312 437
582 814
309 440
576 819
306 442
569 823
302 444
563 828
299 447
556 832
295 449
550 836
292 451
543 841
288 454
536 845
284 456
530 849
281 458
523 853
277 460
516 857
274 462
510 861
270 464
503 865
266 467
496 869
263 469
489 873
259 471
482 877
255 473
475 881
252 475
468 884
248 477
461 888
244 479
454 892
240 480
447 895
237 482
440 899
233 484
333 693
433 902
229 486
426 905
225 488
419 909
221 490
412 912
217 491
405 915
214 493
398 918
210 495
390 921
206 496
383 924
202 498
376 927
198 499
369 930
194 501
361 933
190 502
354 936
186 504
347 939
182 505
339 941
178 507
332 944
174 508
324 947
170 510
317 949
166 511
310 952
162 512
302 954
158 513
295 956
154 515
287 959
150 516
279 961
146 517
272 963
142 518
264 965
138 519
257 967
134 520
249 969
130 521
242 971
126 522
234 973
122 523
226 975
118 524
219 976
113 525
211 978
109 526
203 980
105 527
196 981
101 528
188 983
97 528
180 984
93 529
172 986
89 530
165 987
84 530
157 988
80 531
149 989
76 532
141 991
72 532
134 992
68 533
126 993
64 533
118 994
59 534
110 994
55 534
102 995
51 535
95 996
47 535
87 997
43 535
79 997
38 536
71 998
34 536
63 999
30 536
55 999
26 536
48 999
22 537
40 1000
17 537
25 769
32 1000
13 537
24 1000
9 537
16 1000
5 537
8 1000
0 537
0 1000
-2 565
0 100
3 565
1 100
4 333
7 565
2 100
12 564
2 100
16 564
3 100
20 564
4 100
25 564
5 100
29 564
6 100
34 564
6 100
38 563
7 100
43 563
8 100
47 563
9 100
51 562
10 100
56 562
10 100
60 561
11 100
65 561
12 100
69 560
13 100
73 560
13 100
46 330
78 559
14 100
82 559
15 99
87 558
16 99
91 557
17 99
95 557
17 99
100 556
18 99
104 555
19 99
108 554
20 99
113 553
20 99
117 552
21 98
121 551
22 98
126 551
23 98
130 550
23 98
134 548
24 98
139 547
25 97
143 546
26 97
147 545
27 97
151 544
89 321
27 97
156 543
28 97
160 542
29 96
164 540
30 96
168 539
30 96
173 538
31 96
177 536
32 95
181 535
33 95
185 533
33 95
189 532
34 95
194 530
35 94
198 529
35 94
202 527
36 94
206 526
37 94
210 524
38 93
214 523
38 93
218 521
39 93
222 519
40 92
227 517
41 92
231 516
41 92
235 514
42 91
239 512
43 91
243 510
43 91
247 508
44 90
251 506
45 90
255 504
46 90
259 502
46 89
263 500
47 89
266 498
48 89
270 496
48 88
274 494
49 88
278 492
50 88
282 489
50 87
286 487
51 87
290 485
52 86
293 483
52 86
297 480
53 86
301 478
54 85
305 476
54 85
308 473
55 84
312 471
56 84
316 468
56 83
319 466
57 83
323 463
58 83
327 461
58 82
330 458
59 82
334 456
60 81
337 453
60 81
201 266
341 450
61 80
344 448
61 80
348 445
62 79
351 442
63 79
355 439
63 78
358 437
64 78
362 434
65 77
365 431
65 77
369 428
66 76
372 425
66 76
375 422
67 75
379 419
68 75
382 416
68 74
385 413
69 74
388 410
69 73
391 407
70 73
395 404
70 72
398 401
71 71
401 398
71 71
404 395
72 70
407 391
73 70
410 388
242 229
73 69
413 385
74 69
416 382
74 68
419 379
75 68
422 375
75 67
425 372
76 66
428 369
76 66
431 365
77 65
434 362
77 65
437 358
78 64
439 355
78 63
442 351
79 63
445 348
79 62
448 344
80 61
450 341
80 61
453 337
81 60
456 334
81 60
458 330
270 195
82 59
461 327
82 58
463 323
83 58
466 319
83 57
468 316
83 56
471 312
84 56
473 308
84 55
476 305
85 54
478 301
85 54
480 297
283 175
86 53
483 293
86 52
485 290
86 52
487 286
87 51
489 282
87 50
492 278
88 50
494 274
88 49
496 270
88 48
498 266
89 48
500 263
295 155
89 47
502 259
89 46
504 255
90 46
506 251
90 45
508 247
90 44
510 243
91 43
512 239
91 43
514 235
303 139
91 42
516 231
92 41
517 227
92 41
519 222
92 40
521 218
93 39
523 214
93 38
524 210
93 38
526 206
94 37
527 202
94 36
529 198
94 35
530 194
94 35
532 189
95 34
533 185
95 33
535 181
95 33
536 177
95 32
538 173
96 31
539 168
96 30
540 164
96 30
542 160
96 29
543 156
97 28
544 151
97 27
545 147
97 27
546 143
97 26
547 139
97 25
548 134
98 24
550 130
98 23
551 126
98 23
551 121
98 22
552 117
98 21
553 113
99 20
554 108
99 20
555 104
99 19
556 100
99 18
557 95
99 17
557 91
99 17
558 87
99 16
559 82
99 15
559 78
100 14
560 73
100 13
560 69
100 13
561 65
100 12
561 60
100 11
562 56
100 10
562 51
100 10
563 47
100 9
563 43
100 8
563 38
100 7
564 34
100 6
564 29
100 6
564 25
100 5
332 13
564 20
100 4
564 16
332 10
100 3
564 12
100 2
565 7
100 2
565 3
100 1
