176
34 174
75 147
120 100
140 92
197 80
220 52
231 54
234 67
215 94
210 119
238 229
329 301
349 301
360 330
367 299
366 212
352 147
313 129
283 106
274 68
267 51
264 22
268 13
281 16
304 0
319 4
334 21
380 25
392 34
419 65
464 100
468 109
462 119
441 110
413 98
412 117
424 133
417 143
452 325
464 303
487 302
556 266
609 148
610 122
595 90
600 78
609 77
627 115
683 161
714 215
750 245
767 305
779 409
779 466
762 514
757 512
760 494
744 409
708 368
672 337
665 338
638 381
614 430
591 384
571 363
546 360
584 412
599 417
607 431
622 443
624 458
613 473
608 460
599 459
602 475
596 488
587 495
574 493
575 472
567 460
558 469
554 487
537 473
541 446
552 432
552 430
541 406
524 385
502 388
490 415
486 434
518 546
536 560
581 632
583 643
634 632
674 603
689 579
667 571
667 531
661 510
668 503
673 509
672 487
667 476
683 455
692 421
705 481
715 445
720 485
729 499
734 495
747 528
740 538
739 556
727 558
715 577
699 584
658 655
628 679
578 704
609 755
589 748
596 772
561 752
562 769
505 734
504 717
392 692
264 718
262 744
251 763
248 792
228 772
203 799
199 774
183 777
175 787
175 757
172 741
179 726
138 730
92 702
71 661
83 612
118 565
167 537
227 549
305 428
299 385
271 382
248 411
260 436
259 474
238 485
239 458
227 451
216 473
219 483
200 479
204 443
194 440
193 460
177 451
174 439
192 414
222 403
264 352
233 340
195 358
171 397
135 307
105 279
60 288
27 325
0 387
