2000
282122 652546
356626 604951
363241 601199
503826 471221
366880 595228
333197 618961
384035 529372
368573 563839
472294 487917
447016 510157
404232 545775
364242 592467
436648 529180
468436 498513
502147 462210
474575 442708
476018 459186
469019 446783
458971 489782
436726 478976
435681 470568
433753 416414
444978 441778
460054 429242
505119 454987
493105 432871
461928 407918
437614 389964
434917 390035
450910 354835
469947 341637
467869 351787
478321 314993
463521 327677
419620 421245
444813 337405
439190 355031
454679 293390
458839 247108
451009 306234
442109 271649
445216 248445
410953 412354
443472 296740
406074 434822
387334 487385
392092 487769
414893 477609
429460 489201
427562 475332
449098 503332
417390 486929
369816 500128
349523 538194
321482 600732
324985 595972
345913 558646
331703 615789
299907 639128
359755 512317
362266 445001
363785 495299
375158 461563
410295 412187
422711 347821
439017 269511
414585 268256
409273 322406
385057 312888
393882 263157
382292 223691
477322 239942
384213 198337
385938 193034
467102 211427
506470 241998
452888 221253
526255 264086
538178 274435
482719 243796
492828 310360
510707 425827
487401 297463
481273 246396
466774 286563
482021 244284
469897 254213
438999 362456
481653 287444
490239 322849
479260 359673
439058 390972
457550 389296
492040 383862
520723 478252
519860 458040
513254 391844
529884 412360
528950 452193
510740 533367
499468 490665
498207 482165
455212 562852
442990 570724
404103 587547
462361 527152
457460 536665
492038 493224
485855 497760
380294 596149
443853 544380
415902 571930
393264 599120
476574 560945
511390 539323
535594 505240
585511 477253
583892 506589
624540 454344
595561 506857
557101 522599
392874 604744
368723 603856
471912 504468
344699 624632
379940 619972
445174 593011
462828 586223
517002 580070
483840 592363
431451 612975
447894 617557
571113 552214
606940 535822
545307 563684
530896 562365
448824 585992
575434 530653
677814 510600
589100 579205
660439 566734
607973 582215
577419 586266
589821 604974
594502 591448
611781 592671
634250 577494
651572 598571
603636 599935
653235 603947
706233 598612
412311 631661
583785 611334
527225 615549
429718 621804
362909 636832
392167 636146
463988 627835
792300 588810
659758 598730
723219 532001
705867 547970
664540 562790
688915 540299
675224 530364
751777 486097
724566 535906
731681 527629
743988 503041
755597 504741
753136 523616
749077 532012
791600 461475
816170 442743
787661 455678
688633 517675
652071 549929
661156 564888
604282 568003
768525 466273
659163 505977
725974 469588
838921 424103
788604 481658
826797 462493
831960 491799
822848 501251
816235 504663
791945 526595
820348 534843
897331 476255
779568 570998
783879 570774
923746 488291
910081 474517
869137 472333
876842 448194
846648 446314
867623 450450
855535 456080
856312 471364
859495 470472
852696 495488
851116 502369
843540 420423
815010 413141
800358 421405
765666 430927
787826 372753
783593 372827
772517 374606
755160 444678
817348 419734
631708 516575
644679 514403
613615 521148
662259 493126
690724 472969
712044 461001
738868 452236
730548 457277
652977 499994
742071 457486
730639 438546
705803 453717
696178 467893
428783 593809
666916 476745
672161 404845
678282 376616
657257 387874
647202 379644
584744 427926
624687 426406
645084 390241
640543 426566
651363 465406
575375 427832
726518 316834
658843 269232
673799 335997
661416 350821
629966 339562
643811 364523
661203 356021
719622 321065
646939 373241
596899 395804
617145 379716
615503 369430
615731 325808
627813 277111
632254 260602
589925 382935
579607 328266
588547 391872
575249 361022
576024 383279
559520 308554
590739 282858
585111 259388
573232 274199
550384 322185
498955 266842
545188 347564
554112 361782
564223 369721
571126 438670
554552 433829
571443 474622
576094 482115
536444 503512
527335 487167
539356 380333
569199 431219
553261 371447
524828 387292
485229 255190
557416 294824
583959 249660
599820 251260
603900 300375
630128 251867
587219 344630
631198 251123
556151 212681
544771 194367
568458 201326
704015 294151
739861 323118
724499 362084
736330 374407
746164 395259
732537 425955
708017 419665
707488 424438
705867 431711
689472 453761
728923 348404
730515 339955
683422 444043
711984 357059
730327 333991
720090 335634
699294 382101
705497 368920
686236 417549
671235 477902
759556 412623
765154 344260
773333 346965
750135 338132
764273 351908
749908 374077
758139 363255
751761 416017
747595 325209
722603 303219
479779 141482
445386 124552
499041 165906
403721 94458
407034 93371
230737 81728
320127 91425
400547 97597
437007 124273
492033 175478
510521 174759
520437 186676
487832 174037
429425 121943
442504 140447
489971 186802
483861 177436
529527 208458
550099 212975
534525 229669
504912 216370
506393 212210
391561 129526
393284 121624
398714 120861
425192 128389
463829 165727
478189 181427
507183 206868
512746 209931
405885 105420
317522 111503
327607 115773
316825 133680
284789 99419
232039 105212
266379 123591
290460 134432
323367 136184
332766 111274
355062 137247
374339 175905
404545 194044
400395 162383
389300 143613
376688 122673
489084 202548
381424 130234
404324 153335
517168 225198
517989 242045
523556 253257
554242 253604
579935 241597
550491 274415
532361 268052
492542 212237
372485 190270
361003 195351
350533 289660
375780 206764
368500 280153
377246 275027
387674 412153
419970 307675
420338 301604
418895 290604
432596 272490
401462 421790
381810 442991
363140 454085
362588 390570
365460 365186
381834 417451
367031 358988
370003 336714
361370 274154
355811 324538
351372 329665
343108 381768
353305 335382
361491 308192
350937 351051
363858 311673
327819 483670
291344 466630
303688 473746
273691 457347
276390 474722
279408 463540
300353 485805
144391 529611
267366 487820
256939 477519
249674 467890
243226 475561
158161 497270
147498 502803
132174 520190
200215 499892
258737 486674
181827 514456
147075 517511
127756 531466
176064 544095
248143 554975
280443 558522
294964 565531
298169 565845
310712 562695
202949 544506
297939 533719
330874 511535
339792 495386
310464 505862
287921 532137
198696 529170
249051 522416
269677 507978
354847 488893
339365 530559
292770 541202
256290 541688
336364 561430
326762 581424
289166 594392
225365 601502
176668 559533
282806 584279
286625 579243
301578 581095
192115 562959
277637 566919
122914 544856
104735 585230
123229 564138
157099 597419
187910 612919
210357 662234
135689 637871
206783 661759
253738 680881
131472 690918
115081 684218
152021 677589
219460 674888
122677 646923
142234 586724
109855 593169
89018 647445
135751 604144
130355 618817
78161 684178
85222 694782
114792 717532
113895 716057
117783 717464
132019 730901
131319 739617
72348 690598
53155 702311
55095 678195
99288 610787
92908 586810
107077 558799
104835 558194
94139 559440
49457 611935
45460 638848
93034 593711
82426 631963
43141 678064
65768 643779
41136 654690
41887 603191
149040 482557
126699 505848
184483 443535
51604 592493
99038 540188
124345 518095
160153 489327
201005 459494
203460 449930
193173 450900
190202 446339
239696 392149
240742 389500
264936 381102
246012 396704
274792 389696
258542 405179
207330 429888
285075 430181
222482 430812
240759 438208
221827 448836
247575 444626
303909 434653
258673 419098
290185 393804
301006 405268
233344 309180
215078 258628
239904 293387
265524 343862
238107 303097
312715 415062
281724 401356
316231 432362
323812 445047
288405 451710
294997 441070
252916 453404
198358 465741
334114 444948
204707 229054
156603 181692
128861 195234
178335 148809
137274 177616
132940 169869
178880 126244
181985 169218
175552 190178
153096 173493
209451 221864
252398 229974
227551 155797
208425 202086
203605 171624
210992 111125
272907 240822
289099 227138
276633 262422
224061 258411
249273 289613
257799 301781
278592 281484
276124 305364
267749 319440
300528 355777
276774 299974
289547 293591
312033 309304
299048 323062
300470 354436
315927 379507
330327 363505
337316 317418
321939 350914
318668 331754
317290 334256
303573 358297
316117 329831
313311 318664
324963 343931
331148 313581
338416 271096
277829 273196
265426 275329
270351 289079
245141 267464
300281 270438
295470 196567
298391 246277
276601 191506
345533 163595
246083 178718
264063 157514
252257 134271
264772 134328
316962 154655
315204 155904
275529 171642
349694 160142
355341 213961
350561 251545
336924 173989
345765 235948
336476 422294
362585 159174
210204 109741
238928 62776
161882 108542
193231 109242
183802 110022
100622 164608
137036 153751
181793 114661
106054 197216
121031 208968
193253 233990
174640 234776
103968 225184
103498 232005
89164 215931
66085 195867
82125 310416
75039 259828
81263 322882
80459 345642
93036 311742
82246 365301
78375 386396
72412 341537
64806 264923
81554 358448
66019 246215
58236 262865
58137 335217
48735 273579
45402 230931
34238 436486
43298 421093
25125 492509
63746 416012
61533 409945
52456 421074
43027 446883
51319 417149
46937 301114
76189 489131
72648 449205
75095 436788
81150 478933
131526 442667
89493 370140
118443 443396
87319 463177
72111 415097
59934 337088
79676 390750
83372 382740
89564 355099
96084 311245
91177 296331
84905 328599
72372 213721
127056 330919
119363 314940
90395 272574
123288 338929
107698 299569
127463 340485
135773 319779
135273 330267
131483 376145
134306 351884
140930 384066
133373 398982
80078 248706
129503 413195
152597 391499
165408 344540
165556 339060
151783 319375
132485 317161
105085 260254
127959 257696
159060 279447
145680 283918
161619 301915
164541 278801
156337 257003
155713 265755
104713 247121
92688 249808
143595 232777
184495 247103
190662 274151
168416 392394
158885 420268
124265 457939
67633 499310
55701 509544
97370 486956
150785 439109
140577 455245
80528 512414
74272 517178
33718 541017
43547 491610
60267 472993
55214 437004
16051 540518
17186 673880
18816 684450
22668 594616
193205 421370
115977 501040
49850 573430
86407 534363
119660 504293
122213 505638
39505 592221
152326 476273
206470 409423
89491 511271
50038 542095
189069 418938
204629 369993
195156 399527
186647 414402
191227 385284
187440 382721
165997 432140
175524 400772
200272 321017
209159 294774
204608 372849
207153 386012
222757 388785
218022 295249
212767 278882
209481 270330
159169 441278
202073 233994
249523 375416
34453 600328
23789 671497
29087 704900
29156 685266
82304 736052
109322 748305
166249 772971
167826 773563
132668 742307
159295 690577
222932 694613
269475 691016
434746 645774
323521 663141
278490 686007
281373 676311
220776 653660
253693 651283
254806 631427
245067 619496
189281 598869
197206 614426
163048 580200
148270 564512
260580 628214
290384 616233
263159 667627
392573 639750
504835 629406
273445 669583
552191 623919
563682 622125
568915 633263
464392 654248
505238 636203
290870 688326
162900 713050
150093 710971
151831 726384
238606 705667
167176 742694
250975 713060
354246 686490
399945 682965
501989 677318
542058 670559
525826 668657
344380 682990
754707 635982
693838 640035
615372 637963
749545 630272
773992 617083
692616 627567
721975 631310
669596 626057
649036 629632
599707 639113
634546 645595
407821 670961
493003 655464
717160 616423
654884 618746
352667 676886
642223 627987
207586 704619
659264 616930
740745 598088
769855 593362
789915 598625
804789 612509
794219 610899
761421 623963
762402 637794
685586 677891
694928 670955
585422 699372
684877 672955
705207 648986
676113 661592
511163 681711
422741 696866
478620 696217
599615 685490
643224 675104
576331 700561
481223 704284
314728 710601
496311 683059
652757 659528
313724 706038
622996 662450
586455 665672
626172 652412
529257 674728
477115 681103
465829 679862
254593 712912
573651 703160
849542 660813
853687 645340
743336 675769
812124 649712
925469 615953
946257 622095
945876 615819
946850 622435
885093 633058
858515 640446
884014 638033
868033 644034
938896 626632
878778 657665
785231 688687
738551 711715
889737 655364
912607 645051
986341 600009
800692 647159
896400 605238
909732 611629
920987 552157
872810 606183
850693 609224
834733 618164
853087 606962
866494 604566
912500 557296
918385 543254
899873 563508
755878 667321
869012 565220
852919 578072
894131 540093
931918 511432
950265 505872
962033 557826
936429 514360
855070 578182
842599 589475
916518 532071
946971 555845
952570 593702
908956 617582
948617 605603
964619 561232
975078 502737
922389 449971
968993 533562
968701 537673
939269 485462
928717 491551
859563 563447
803824 620064
820063 595951
837723 571654
804162 611483
844042 549184
843758 556066
843147 559762
839874 573942
935342 481706
901716 457936
914632 443176
983748 443683
987173 633547
989559 310908
989883 242546
988666 429447
982963 318285
981836 311648
987359 242169
982144 173160
985261 167910
990601 205794
992576 385157
990019 498973
989314 732792
987942 681826
984455 666145
983645 806948
988057 870912
988208 818096
987955 771485
989989 782136
994981 118300
993200 326389
992752 123359
991641 154809
990847 109430
979803 166012
979113 175455
984688 231856
958789 19379
959269 50946
964899 139913
927513 51331
928661 31775
955763 112438
934860 25076
939415 2142
949738 11309
958668 12833
979548 29308
994858 47791
996483 68702
998445 99936
995201 374819
991819 640845
995226 381567
998373 129589
998871 295264
999732 839018
998356 742479
997631 358411
997550 285969
995243 490870
991412 665287
991625 690602
992153 936236
961989 996961
989893 935889
984551 898699
976497 738756
978784 623831
984974 617154
899845 683832
972285 623065
858642 674160
840883 681702
857688 674200
818500 688927
871251 665803
772285 699470
723856 735109
670495 714393
698743 722041
699011 709680
720972 712965
730753 695035
612764 724725
695456 694185
685023 695182
548023 716965
546869 725482
612307 718138
583441 734718
662869 762320
616061 729546
663068 718763
667022 721158
667929 728026
705468 729240
738285 744803
676201 730090
656526 740910
644984 747792
647068 750977
679367 769272
766872 733296
853533 711914
691902 768210
777861 756564
722623 760486
847273 726789
829011 727780
849839 719556
868151 704818
889300 675897
869209 696949
761591 732573
756252 712883
875707 686161
876667 680573
870396 684401
845381 683826
919674 650881
848446 763606
810487 772686
805214 774385
866882 794415
842706 772311
881797 745518
865142 801307
913959 806579
951976 829735
902701 817255
864258 802221
889696 813685
932777 825865
864439 812940
812846 790916
878377 814228
860327 807534
794303 781317
773895 782131
819034 805934
526206 749377
552044 741187
597224 756908
631241 764378
750159 788156
767580 780350
772575 789965
797479 796376
771582 780886
830924 756582
774601 771786
845241 751922
673941 770305
596675 745696
572440 732356
571389 731130
584601 724388
467601 737151
310130 755468
448541 741090
474761 749452
456033 752160
395475 752442
440466 778023
526639 762175
609420 783983
540948 769510
542562 772466
545055 774432
473898 784809
413421 778585
374598 767112
409131 761035
323210 764146
303207 756055
615126 705109
376782 744146
794473 677148
478935 719012
291256 751573
598774 706512
278081 756784
338220 777711
333805 779069
344237 785940
529788 833249
538334 828955
564939 840491
391820 808505
451158 843172
374871 803062
338477 789043
539484 887635
508402 865263
434023 831378
514904 859531
542948 859306
547369 867565
582068 860638
603776 839524
501386 817264
501583 821426
441056 804845
335342 780073
488762 809664
509048 811814
384407 778756
468586 796130
448517 795618
526439 806536
556479 821169
525377 819137
459178 806313
560347 826920
572276 810283
548285 807487
529790 796553
533905 802229
317255 763605
380582 774450
498607 793836
602139 801105
633031 846810
629354 840824
636734 803006
641887 792203
649306 805221
643745 861971
612283 818213
601498 878549
542173 878643
563192 891103
532609 889928
443676 849631
357956 813696
311504 791613
398803 826805
237929 754292
302315 740240
352395 730065
331646 731807
303159 739817
194404 757168
222719 748773
352591 712666
332852 720791
418169 710390
502240 706221
469539 711672
425262 714357
412568 715381
385476 723147
328650 736793
601451 702234
279758 714086
148634 748837
200693 737757
166042 781383
172790 786164
172730 794554
199494 814155
279770 824863
243184 840021
280636 848844
295262 847417
312501 821368
276693 803011
230416 794025
215274 793554
204437 792652
272719 804306
237129 814397
221926 803958
188411 784610
257386 795153
438504 857282
258167 795432
314013 816943
489509 885179
530517 901707
491188 902448
360697 854314
390180 858002
324237 823168
313484 837116
255538 890080
248370 881988
260534 848968
242055 844336
245908 842512
166921 797106
114120 840787
78106 875465
111815 869876
140336 833924
143236 830665
119173 876569
96933 888931
69953 889433
79647 902245
137573 865929
155850 843712
157018 822751
187484 818108
198774 832512
177282 856495
160953 901529
156645 918190
205131 905850
182834 882169
214310 891063
219685 880653
208079 834872
197183 855416
210069 823213
250968 854187
235570 911835
220562 936383
221893 965871
211090 959282
245468 870538
195874 946785
202773 931151
176092 958536
235999 969538
168928 958177
103785 942572
79237 923770
136560 947622
143579 948978
110629 932881
102381 926694
124572 897003
141133 884020
141342 888082
147356 933446
151246 874475
165780 837666
127873 890865
111979 904545
71218 911604
58000 948898
113586 962332
199317 975660
278453 974298
339291 935593
330716 944683
343507 943941
404114 924531
392691 942776
335552 948962
356854 958405
350132 952054
383262 955691
420448 951370
429209 939425
510511 946314
367752 913067
246203 957576
226853 955417
253743 934150
295386 907527
513742 915140
452065 907420
472738 908999
636470 930319
553079 919487
591294 926306
496185 920817
334246 910638
501731 922507
527071 944609
526729 946391
492288 947467
370370 958634
547165 952029
615241 955961
564109 959482
683337 952003
715268 947057
747040 923983
722196 939974
460079 953353
728187 933278
386209 898614
373132 894227
365925 876143
376976 873857
362465 860474
318316 833266
305157 861876
334052 851642
364873 871602
239488 923019
236782 916711
321492 829270
377593 853192
338557 845103
447538 899155
562376 915570
484747 876641
241082 759718
485836 876547
534541 894854
552296 899059
640125 919729
653121 916413
673707 916204
664475 906911
658830 906897
661983 905509
684025 901262
705487 913882
718176 882333
681185 831917
704266 901845
702199 896731
650700 903144
661341 904252
622089 908154
568863 888103
663852 899821
676976 887336
659747 872952
671905 880733
671712 863706
628255 893640
674153 857389
682352 847906
678905 821992
631607 776579
620606 811996
621133 785410
582006 763893
546011 759252
512748 750236
468906 737923
918015 837919
943926 884141
845596 836043
830960 821783
821124 819311
729357 804827
724966 816060
788933 820093
818504 842123
888164 858778
859013 862500
895861 871967
831425 866719
851371 856418
814611 841152
734624 828334
776085 855980
798212 870685
905582 875281
941590 887821
853715 891013
864348 893000
834386 911624
881529 897892
827383 916975
845524 889804
761615 896542
783548 903366
801943 937727
859761 914899
904365 897166
938064 927022
870091 920850
882230 933165
970034 933815
940797 929312
953925 925776
940546 925233
926386 909501
973832 887098
946670 895759
955241 871883
966377 805428
959158 840108
969828 646372
964030 639420
961400 691899
956341 734072
944260 758803
935878 671230
960165 693555
952311 653596
915146 687450
919146 683888
929082 740275
924858 695535
950571 802153
953982 779773
948476 827253
916566 780516
919856 781738
931893 798547
939120 811938
917263 708669
906754 775144
907145 791122
902105 789185
888230 772738
907530 679620
969515 633736
974510 679132
980139 905630
964777 989268
842409 987717
822798 992575
755539 999266
855179 982319
904491 983565
941603 979807
916158 938032
875442 961451
829624 969745
868667 943358
855841 941740
834277 927233
746332 981135
634390 970981
608525 975952
639787 984887
745558 994690
786315 990563
791312 983906
853644 974479
903649 965901
896576 963715
923720 963039
756228 997110
669833 992682
577090 976324
403315 986041
447768 981928
554383 975788
435078 979376
503737 971473
304606 980514
282656 987835
357560 989701
352834 986654
446943 991538
535673 982243
656179 995562
689747 997868
340857 997976
65351 993857
39017 992604
10587 990662
2919 961768
11171 924271
13447 985403
126140 974344
79573 968839
258949 983349
175757 979386
241827 991646
301816 978894
443023 972535
686694 955571
557780 963440
677412 954448
734261 954318
632074 965850
510300 974913
522764 973202
636168 962070
587740 965783
588202 964249
483946 977596
771335 960358
736153 869738
763823 894047
768583 874455
770382 875175
781003 880272
779039 886314
855408 889045
723616 857375
757122 931066
674703 800596
704601 838692
691749 811964
691878 803230
694302 807579
692202 802320
742299 829507
648008 777956
763943 943169
670945 954628
256864 981321
48767 960926
25315 923108
19781 810869
20316 783247
44108 873545
104076 830871
81299 829983
89114 821485
105080 816033
129133 785423
102979 814110
64734 832803
55188 824418
57051 810879
64948 824054
66083 793329
60027 802434
58109 807743
57587 773133
62431 758175
45287 771225
39445 781273
38626 800863
43097 833176
50085 858343
32945 811449
30906 778721
33393 745123
27390 738372
372 743345
10948 758638
3326 786755
7462 851740
7152 857806
17954 839178
15000 901912
26653 947954
14324 914153
272 822659
806 349366
573 77022
5241 358365
16289 265040
33103 184777
30241 201844
5324 408336
12332 398523
8201 573287
6010 520677
6124 699009
8814 665326
15143 683899
13228 695277
23495 728567
69651 740413
41393 721586
85834 745546
103583 764950
96128 764870
76143 754710
53528 740277
78365 769504
118103 768835
68624 774060
104805 784354
70642 792680
79755 815885
85193 819928
113806 770437
130529 785198
138790 777431
144697 787137
145546 792339
133273 791411
129931 785001
134165 793725
139835 807978
59606 892927
170931 785119
16901 706448
11735 490022
17816 307071
34747 181493
29650 159945
20551 210830
4952 325184
3927 100493
9360 95389
5304 219504
9367 248449
17702 221564
7610 220470
17245 110384
33285 96555
55838 92350
37994 122501
98764 65801
82449 68277
54815 73926
28679 82433
12973 96266
8671 1167
125025 3820
17081 1482
88891 49115
97758 54799
97837 57676
57046 31399
33182 23466
62181 61195
16001 71526
102878 61502
110550 93812
139084 73755
110161 82165
147361 65330
89692 31658
148696 49904
105572 28849
78514 23656
47899 19011
55478 16165
143892 1474
202934 3459
238282 243
341174 7756
98375 15752
97367 19065
187774 34931
64345 152813
58382 151161
103155 114945
90761 90169
85735 97783
64841 123212
43347 124416
33361 253808
23585 471376
22234 463959
30321 235366
17008 425090
24653 491245
27574 413609
40152 179113
89829 149743
54071 195690
126808 124654
166489 71558
127811 115285
153022 86172
140893 97351
162986 63467
167598 59470
192649 38670
246697 21672
241851 25681
239656 25403
216381 36838
58325 195429
183315 80065
235045 28324
259382 23303
280601 37056
255199 41860
326035 55731
303372 54117
247881 44308
216309 56723
242989 31652
57571 196964
219125 56556
303885 64241
302080 71071
270252 76802
312437 72634
287393 77233
440221 83165
400307 83521
278928 79792
412057 85322
449365 82984
332832 77816
330913 59288
317133 39659
285002 28243
350125 28985
271870 25218
381957 5478
575458 1108
672288 255
727235 68
732278 3904
526569 12792
463124 21576
660129 14041
754574 3454
821104 2473
859594 3726
893127 41468
854526 11380
803725 5618
592699 21723
427781 22106
423785 11344
491632 9812
501564 14669
529514 9371
397207 8010
361188 59514
388597 31406
388467 38294
351354 75716
362921 54865
329991 35266
341336 77974
454850 62172
475708 77931
494484 68920
406301 43615
428127 38194
532045 77622
564364 85852
581237 98278
561834 99956
517272 76865
485317 62236
516380 83081
534588 93294
553414 102616
606388 111198
665787 106744
593637 100184
598333 99843
700463 103818
742393 115952
749144 117315
675849 112990
688127 124499
771658 125727
775479 111121
739291 102670
608975 66938
524315 55961
658438 92699
667642 96085
645320 95428
572065 90185
581244 84995
399222 23709
554166 31427
552053 24320
667454 17662
603861 34109
601572 31336
579407 34216
470470 45002
566151 46785
623474 35609
614582 52653
579511 55763
522458 53808
669973 66157
690832 61866
669955 46108
789359 118449
782458 138508
780303 125759
765983 138010
799540 164970
791736 164401
738376 153657
663598 134959
667389 115900
640563 130511
615760 126843
557155 113357
551806 111173
502716 86293
486138 75278
487861 92487
253651 80285
455266 93766
645710 148299
829922 191671
616607 132452
605203 129414
608677 130079
485324 96023
754034 169376
852174 179271
823973 149723
848569 118661
835052 145683
861223 165983
848430 79484
845335 70817
849631 112752
824621 42611
844151 115670
819230 72396
801696 174035
792512 97457
819019 69165
794815 53236
777415 59511
779571 81354
707086 48984
710459 43718
763422 68579
774886 44582
795874 44014
790448 50588
849359 27110
827015 16504
754359 14138
666550 32264
717345 59519
708859 54250
783909 96034
651195 30733
671020 62270
624297 28872
685938 20085
799753 8210
849282 17576
863083 33321
857044 27112
899690 162949
860659 47992
867863 98764
878060 135458
887598 165718
881541 124518
903621 190257
892570 276775
865978 252724
893144 297781
853349 342061
825278 344865
844672 268902
887460 192500
871725 186975
867253 136573
847830 46160
870797 193269
786034 200867
738595 183097
698322 168257
811371 222488
821382 212024
838507 265405
842425 208790
849698 198221
861119 195796
810033 354604
804902 305278
805129 342415
711431 266353
671389 235053
717994 273222
876763 427613
878843 395688
879784 423255
887761 360309
882045 399911
868410 371959
854242 395893
834355 365515
823304 359827
838604 361560
863285 377935
872274 331160
907364 356901
905450 388006
895248 387930
901191 433976
940403 431705
952867 367197
971041 398741
959662 335320
975579 388002
973247 366277
979402 371752
968239 331582
951864 297812
945389 325615
960122 357924
916231 413889
908511 350063
882265 310493
910572 322693
906522 214823
902346 150292
909931 207215
924797 348780
921831 339170
888042 313197
926482 353899
936416 254497
939601 233170
946546 224616
945231 206523
913532 138278
949576 192691
957462 212417
959858 234443
969092 327755
971213 310321
967155 278152
965353 244749
970850 286437
975312 271552
975364 212459
972317 173298
963113 262607
971800 174064
955328 142303
903701 63008
913865 184966
910882 194642
913419 221396
926985 233408
934121 233893
931662 252808
915066 237481
889825 9646
901271 12570
973680 165492
982321 388584
950369 437276
953693 435003
947677 442917
945125 430218
887138 448778
776341 340885
611995 180252
582138 157774
722730 243310
700968 234454
686436 232591
680014 233100
728242 271424
702711 238806
756237 296811
760341 269989
757336 260658
755415 259257
719358 224383
764937 242132
641896 184225
638496 171474
668994 174192
676607 177120
726414 199529
731818 221139
795699 253034
802148 257077
779710 304653
783949 259568
790428 257300
759212 244385
730439 229863
779175 266657
779971 299993
768421 310385
799112 317265
792844 302168
837769 266208
807886 227476
667288 155238
702540 177053
800438 223942
621739 155364
540477 153696
646021 228639
634362 222975
656473 237602
694900 262139
571567 188498
664917 261582
624037 231776
601033 218811
468617 117549
506610 141086
598718 201329
660667 240482
486429 124604
473951 110293
521058 121318
573518 137441
578054 143037
505430 136299
652514 150492
800271 191364
689661 159698
841326 194504
413996 93686
747195 316926
927523 488147
798777 575849
817837 561369
777659 573079
751549 566150
738492 555047
749941 563243
740814 549277
762622 555166
810145 532157
699962 557692
726531 581146
814446 587780
