6400 
30352 68581 
10168 71257 
31802 68330 
45735 66448 
43859 66676 
9086 71223 
17927 70030 
27679 68716 
39670 67146 
26259 68854 
42648 66741 
32499 68001 
34545 67712 
47045 66118 
22656 69085 
30090 68129 
23133 68957 
44999 66294 
36814 67261 
17634 69501 
48814 65789 
34700 67412 
41524 66595 
39564 66782 
35305 67249 
18927 69040 
33714 67354 
23977 68395 
43332 66247 
26753 67984 
32530 67333 
31574 67401 
40957 66400 
41171 66364 
37430 66726 
35421 66897 
44567 65946 
43131 66058 
37933 66545 
42248 66099 
39501 66335 
27540 67412 
33908 66790 
37610 66430 
22718 67765 
36770 66475 
58735 64484 
23050 67633 
40208 66104 
27735 67161 
42753 65844 
30671 66863 
37600 66239 
15466 68063 
48152 65326 
22615 67383 
25359 67105 
22901 67280 
35524 66243 
20235 67391 
38710 65945 
27379 66768 
32042 66394 
40546 65724 
33864 66195 
37993 65867 
13456 67580 
25344 66686 
30404 66310 
28325 66407 
33708 66033 
37082 65773 
32016 66081 
17937 66938 
27012 66338 
33594 65906 
31816 65970 
26209 66292 
36469 65648 
24287 66327 
35520 65654 
41236 65301 
50450 64763 
29569 65885 
29290 65874 
27023 65944 
34494 65511 
17172 66361 
37737 65317 
31965 65575 
30879 65612 
35209 65386 
37515 65262 
19505 66068 
35079 65321 
34811 65317 
32075 65418 
37687 65156 
32421 65370 
44424 64824 
24647 65623 
36878 65090 
27256 65456 
37970 65018 
47328 64635 
33046 65138 
34211 65060 
46090 64623 
34871 64974 
21271 65363 
25950 65156 
35241 64864 
49918 64417 
35804 64800 
24018 65090 
19748 65156 
50616 64338 
31376 64782 
44992 64431 
29673 64740 
35331 64599 
35837 64562 
37502 64507 
34512 64526 
53998 64180 
27421 64605 
24671 64623 
35045 64436 
35420 64389 
39166 64317 
38681 64288 
32570 64339 
42906 64220 
39693 64237 
39565 64216 
26082 64309 
42268 64151 
45570 64114 
30162 64154 
27640 64121 
29364 64094 
60558 64016 
20096 64041 
30240 64011 
33969 63974 
30284 63936 
27385 63894 
22218 63813 
28652 63801 
47995 63903 
25776 63724 
26457 63708 
30307 63707 
7863 63472 
13525 63487 
14991 63438 
32166 63623 
43243 63731 
32045 63540 
36352 63589 
20547 63331 
18745 63250 
45400 63680 
33297 63431 
31099 63353 
37899 63450 
44111 63558 
11108 62745 
24321 63027 
41154 63430 
29503 63097 
31254 63098 
26974 62948 
41116 63318 
51544 63626 
33842 63052 
24875 62751 
33666 63020 
35501 63036 
45865 63366 
25465 62582 
34080 62855 
37513 62957 
24798 62393 
22447 62258 
19510 62088 
8864 61588 
32058 62576 
39797 62888 
35054 62645 
30637 62418 
22661 61984 
21943 61894 
50321 63301 
25377 61977 
42039 62833 
20364 61608 
45538 62970 
33621 62254 
36092 62376 
45404 62896 
34465 62207 
15463 60981 
42977 62688 
24347 61489 
45745 62822 
33269 61978 
30689 61755 
39842 62337 
42916 62525 
23987 61163 
37438 62082 
46144 62696 
31327 61559 
36362 61915 
42351 62356 
23179 60874 
33291 61634 
15762 60216 
35018 61698 
40243 62098 
21872 60558 
25150 60781 
22667 60528 
18181 60088 
46304 62480 
20557 60223 
27883 60825 
26787 60681 
31462 61065 
36492 61502 
34540 61289 
29184 60766 
41987 61931 
21536 59961 
26538 60379 
40495 61713 
35680 61224 
45161 62141 
31214 60728 
19478 59510 
24628 60010 
25155 60018 
24615 59947 
45132 62046 
37927 61256 
28634 60253 
38201 61231 
37720 61163 
38134 61170 
31165 60381 
37794 61083 
26848 59822 
33994 60585 
20510 58992 
27748 59794 
36535 60795 
34364 60528 
37980 60917 
40499 61205 
46860 61939 
40979 61203 
46813 61906 
28864 59684 
26747 59395 
23772 58965 
34813 60323 
25251 59065 
32870 60007 
38020 60641 
35063 60231 
29614 59497 
37673 60533 
30968 59633 
44703 61426 
34885 60072 
37738 60434 
26590 58881 
34517 59928 
44893 61334 
52659 62404 
48533 61810 
27149 58740 
41909 60828 
37244 60136 
31846 59304 
45996 61358 
38492 60240 
21871 57758 
35285 59732 
31506 59147 
44297 61049 
55804 62768 
34826 59574 
35220 59608 
28418 58542 
40432 60360 
23134 57643 
35009 59465 
19907 57080 
47648 61417 
20447 57077 
50285 61808 
54795 62521 
29403 58395 
27167 57989 
48210 61405 
33554 58946 
31433 58554 
46214 61019 
21413 56804 
35525 59174 
35268 59099 
17391 55986 
26635 57534 
33817 58736 
32124 58414 
36892 59221 
29732 57917 
32450 58382 
33374 58513 
14862 55160 
24998 56924 
33469 58436 
36284 58926 
30725 57891 
43057 60146 
30383 57791 
32317 58120 
29811 57621 
41980 59860 
37838 59062 
27030 56993 
26737 56909 
17815 55137 
26757 56816 
40867 59512 
41291 59583 
47180 60722 
36779 58676 
49482 61150 
30192 57298 
27111 56653 
27392 56666 
38003 58781 
31639 57465 
21437 55363 
51711 61498 
39927 59078 
36539 58344 
38283 58663 
28722 56656 
42757 59566 
40977 59170 
33766 57633 
33562 57573 
26351 56004 
35226 57866 
25965 55834 
35212 57784 
35349 57782 
34615 57594 
30015 56557 
30922 56714 
26373 55694 
40616 58820 
41410 58966 
30210 56416 
36864 57892 
22181 54547 
30399 56352 
32198 56743 
33546 57007 
30994 56384 
25079 54992 
34390 57118 
19012 53491 
27951 55557 
31137 56278 
32328 56519 
24652 54664 
21642 53898 
37973 57769 
36581 57395 
9808 50866 
38345 57764 
36147 57195 
25800 54625 
18941 52897 
26462 54712 
41215 58330 
34906 56712 
20924 53171 
41615 58366 
32059 55922 
39602 57805 
37909 57350 
27378 54602 
35652 56699 
35734 56702 
19273 52390 
34084 56221 
15164 51237 
34737 56310 
36956 56876 
12041 50255 
18413 51891 
20240 52342 
25083 53615 
30458 55011 
27802 54245 
17441 51429 
43148 58345 
36652 56557 
24846 53305 
47019 59352 
26569 53712 
44107 58521 
10893 49305 
33387 55485 
25340 53198 
31650 54941 
30590 54608 
27015 53550 
25437 53083 
23102 52373 
37277 56390 
28640 53885 
53296 60934 
33082 55111 
40316 57175 
44680 58421 
34198 55360 
35317 55656 
35644 55715 
26404 52982 
35170 55521 
43072 57819 
41646 57367 
32748 54690 
41624 57313 
40896 57082 
34658 55172 
20521 50853 
30887 53932 
42777 57525 
32692 54399 
34731 54994 
26203 52312 
39520 56421 
38182 55975 
46100 58415 
47903 58953 
37073 55508 
44365 57791 
40334 56496 
29822 53125 
36262 55141 
23666 51049 
35748 54894 
55470 61243 
16782 48676 
46920 58444 
46546 58304 
24181 50936 
35900 54767 
32279 53525 
34805 54325 
31860 53326 
48426 58815 
47517 58495 
25374 51044 
31716 53135 
31653 53069 
23014 50111 
36547 54681 
59255 62390 
49038 58900 
38660 55344 
26624 51175 
43531 56944 
24539 50365 
48789 58724 
54330 60633 
40027 55626 
49785 59013 
38380 54974 
41268 55981 
27907 51234 
37099 54452 
30388 52011 
32790 52819 
26898 50653 
15443 46452 
39453 55105 
37677 54436 
42597 56197 
51471 59428 
32406 52431 
38827 54751 
48091 58146 
17197 46692 
48542 58275 
45375 57087 
41071 55448 
15205 45755 
42044 55767 
40860 55286 
31857 51841 
33081 52281 
56275 61068 
35400 53111 
34660 52789 
34543 52698 
42032 55558 
39666 54633 
24103 48582 
33444 52161 
36638 53383 
26464 49373 
45148 56626 
42322 55505 
47942 57681 
29028 50175 
24161 48177 
22727 47572 
36995 53234 
38995 54005 
45701 56675 
33048 51563 
45558 56571 
36649 52948 
27343 49120 
26095 48590 
11320 42504 
17561 45027 
40824 54508 
43649 55633 
37913 53230 
26992 48685 
30718 50209 
30532 50108 
27377 48755 
27838 48886 
36135 52314 
39795 53830 
23688 47019 
35813 52092 
40192 53922 
41457 54446 
45856 56282 
48868 57536 
39961 53686 
46147 56332 
34222 51162 
49546 57748 
41901 54414 
32554 50318 
40106 53567 
30941 49503 
36904 52079 
42319 54428 
26284 47312 
29746 48807 
13353 41492 
28197 48068 
36315 51660 
28385 48061 
23006 45632 
32447 49831 
15633 42242 
40136 53256 
44326 55106 
34758 50761 
37229 51857 
16684 42504 
47623 56551 
29728 48360 
22591 45059 
30089 48464 
43944 54779 
24300 45668 
25830 46311 
29223 47819 
30522 48406 
41880 53683 
36056 50926 
20056 43367 
43160 54206 
39199 52322 
32652 49199 
36572 51033 
44462 54745 
39020 52150 
39962 52575 
32511 48990 
30936 48177 
29801 47611 
34081 49632 
52031 58232 
43038 53884 
31762 48388 
30127 47550 
31677 48254 
32188 48443 
53533 58873 
47902 56092 
32568 48511 
24594 44546 
25955 45149 
35156 49662 
38018 51046 
31924 47980 
45941 54953 
36350 50106 
36587 50177 
32424 48015 
42423 53062 
49807 56779 
36235 49815 
52324 58028 
40553 51988 
20705 41747 
34857 48982 
38852 50997 
40193 51660 
39570 51311 
37184 50043 
49092 56220 
36007 49344 
28797 45547 
39414 51100 
35044 48787 
39991 51353 
41547 52157 
32860 47525 
23358 42439 
50180 56652 
52122 57662 
48245 55582 
35147 48547 
44846 53712 
42862 52606 
36214 48967 
36963 49343 
21740 41051 
34043 47678 
36326 48908 
41763 51852 
44773 53471 
17042 38213 
41019 51343 
30348 45412 
44933 53449 
47853 55037 
41398 51410 
52238 57427 
26535 42993 
28178 43857 
32729 46356 
47781 54830 
38141 49359 
28851 44062 
27101 43016 
33560 46643 
37066 48587 
36925 48454 
46342 53834 
37780 48852 
29248 43864 
27664 42872 
48801 55146 
38963 49389 
38506 49077 
45649 53235 
30646 44363 
31232 44667 
36588 47789 
32288 45223 
29354 43413 
25512 41063 
40538 49995 
44342 52241 
41159 50317 
19954 37570 
45539 52910 
38726 48771 
29879 43387 
32624 44995 
34408 46023 
51656 56491 
40592 49743 
22114 38434 
38540 48447 
27272 41490 
36850 47324 
43095 51124 
30041 43028 
36065 46723 
42185 50471 
36961 47192 
37549 47538 
38480 48086 
34037 45292 
42202 50368 
28366 41637 
25393 39707 
37092 47011 
33596 44746 
48082 53912 
46331 52764 
31729 43407 
40723 49098 
45771 52317 
45106 51875 
32191 43538 
44330 51328 
43651 50851 
44736 51524 
38714 47576 
34292 44682 
29124 41262 
24753 38370 
54394 57723 
30784 42231 
21273 35901 
34672 44670 
35428 45142 
44077 50807 
41683 49207 
43093 50121 
21037 35410 
44949 51293 
31213 42065 
31587 42290 
46543 52297 
43040 49934 
33867 43716 
32888 43028 
23742 36815 
27447 39243 
33276 43155 
39094 47082 
37446 45901 
53165 56600 
30063 40736 
45024 50968 
46738 52124 
34055 43342 
38741 46534 
28841 39607 
33121 42523 
44634 50499 
41698 48401 
33835 42849 
17333 31242 
43776 49761 
18140 31643 
36943 44854 
49220 53534 
34433 43035 
33673 42448 
25378 36469 
25467 36496 
47616 52271 
13989 28118 
34889 43048 
43228 49032 
23405 34684 
29279 38901 
42940 48748 
39748 46420 
35888 43591 
37922 45034 
40644 46988 
39833 46344 
36641 43971 
32587 40953 
49435 53281 
42091 47829 
35794 43162 
49059 52932 
39720 45977 
30417 39015 
25056 34951 
39074 45358 
28073 37083 
39986 45994 
41804 47320 
31459 39465 
47609 51612 
28417 37053 
32730 40295 
39359 45287 
38615 44688 
27130 35917 
38512 44569 
35716 42401 
34378 41337 
24286 33575 
32460 39794 
42483 47446 
38500 44318 
47516 51262 
36371 42579 
37958 43757 
33266 40042 
36391 42460 
29457 37010 
45550 49563 
35787 41867 
34862 41090 
22948 31678 
26061 34040 
42805 47234 
31135 37958 
35655 41477 
46982 50444 
51361 53908 
44221 48184 
34560 40424 
43616 47664 
42035 46374 
43800 47773 
42619 46800 
36886 42160 
45313 48919 
20237 28621 
28738 35460 
20118 28416 
36081 41306 
33583 39208 
46712 49880 
27439 34057 
31409 37226 
51496 53703 
43613 47179 
42479 46214 
36869 41542 
44386 47724 
37978 42352 
38538 42767 
38794 42963 
46113 49058 
43116 46508 
49150 51534 
47509 50137 
39324 43231 
30625 35866 
28458 33964 
34126 38682 
36278 40451 
38666 42447 
54638 56025 
33146 37677 
47742 50097 
25346 30876 
35802 39775 
37423 41103 
38097 41659 
52862 54367 
36280 40000 
46749 49021 
37042 40545 
35013 38706 
23439 28554 
42867 45515 
30680 34797 
36706 40036 
29952 34067 
40613 43403 
31696 35472 
40270 42980 
41361 43891 
33136 36501 
41274 43727 
47793 49530 
38047 40780 
40905 43274 
45927 47759 
42936 45028 
44033 45968 
45387 47148 
44287 46107 
38960 41234 
44420 46181 
42686 44569 
36242 38657 
32873 35536 
43186 44931 
57135 57700 
35958 38223 
58266 58721 
45316 46747 
48241 49414 
35781 37801 
45411 46711 
33582 35686 
27163 29641 
55410 55970 
33968 35850 
55734 56245 
34982 36707 
39386 40800 
44679 45764 
35088 36639 
54961 55428 
49993 50682 
42964 43978 
41420 42473 
31758 33170 
37516 38623 
37777 38837 
36121 37212 
61022 61133 
33034 34121 
46707 47291 
41463 42170 
46525 47036 
35905 36655 
35634 36349 
44251 44697 
48797 49111 
30007 30661 
35639 36102 
24978 25505 
42308 42544 
35383 35616 
33807 33966 
42062 42153 
37374 37455 
25446 25456 
27269 27215 
39273 39183 
40189 40058 
37715 37537 
36300 36067 
38678 38432 
42235 41978 
46042 45790 
50772 50559 
32082 31538 
35907 35361 
45211 44805 
36848 36216 
37211 36510 
36582 35843 
48527 48065 
37860 37011 
37683 36753 
50771 50261 
42064 41162 
46648 45898 
39776 38654 
46303 45439 
54294 53794 
44192 43118 
34659 33035 
37657 36128 
36141 34470 
50314 49464 
43302 41980 
46507 45343 
46340 45136 
44596 43246 
34044 31907 
38668 36794 
45523 44133 
49678 48561 
34253 31908 
41941 40183 
44877 43308 
37769 35535 
30483 27564 
35407 32854 
43724 41848 
45791 44062 
51722 50545 
39148 36715 
42289 40141 
39229 36731 
36062 33210 
54580 53610 
47631 45910 
41596 39188 
53197 52024 
54510 53453 
42633 40179 
44643 42373 
51245 49732 
40579 37747 
41637 38876 
48759 46850 
45054 42621 
39891 36729 
41898 38927 
46349 43938 
39707 36315 
32400 27907 
41284 38018 
46998 44511 
42149 38883 
44832 41943 
44550 41596 
42563 39267 
42015 38584 
30126 24761 
48738 46288 
39902 35949 
46895 44059 
52874 51007 
40285 36278 
39758 35633 
42264 38517 
38609 34195 
30271 24341 
37127 32330 
49480 46837 
29829 23554 
56522 55120 
39726 35110 
41395 37035 
32963 26887 
39524 34681 
39923 35119 
46025 42379 
39988 35055 
47574 44151 
41470 36692 
42212 37531 
51287 48514 
42478 37738 
45837 41770 
40411 35076 
52309 49619 
56270 54473 
40885 35431 
34948 27992 
42468 37235 
37105 30512 
41925 36430 
41436 35735 
46570 42103 
43289 37928 
47989 43797 
42331 36632 
44385 39151 
40241 33833 
43021 37304 
33079 24604 
58800 57357 
49464 45396 
42366 36248 
47548 42830 
36816 28944 
35575 27265 
51062 47253 
44896 39216 
47519 42563 
44007 37945 
43991 37865 
43612 37285 
46799 41401 
44306 38074 
42376 35480 
40611 33069 
53157 49613 
34580 24931 
45202 38975 
45722 39615 
38898 30411 
50539 45965 
48047 42564 
43741 36716 
42282 34659 
35648 25662 
45493 38945 
39318 30480 
54365 50883 
48219 42485 
48065 42241 
39161 30042 
46334 39807 
43603 35988 
50129 44934 
44172 36666 
47512 41222 
46506 39799 
52595 48206 
42340 33941 
51999 47291 
47920 41546 
52083 47327 
55247 51722 
53609 49407 
57606 55002 
51600 46511 
52244 47390 
58372 56038 
35561 23651 
28891 14124 
40697 30785 
45971 38254 
45050 36886 
40058 29660 
37748 26226 
33970 20689 
53231 48451 
52366 47165 
43969 34922 
51577 45938 
47891 40546 
54192 49704 
33274 19169 
46451 38349 
53121 48061 
41282 30640 
38689 26717 
56479 52903 
43976 34391 
45153 36059 
40288 28810 
52432 46790 
48022 40208 
43977 34160 
51997 46090 
47502 39316 
45101 35651 
47866 39756 
56594 52843 
46381 37382 
48104 39952 
46072 36799 
51637 45192 
47202 38394 
45788 36188 
50902 43948 
37154 22864 
52508 46343 
57085 53340 
47694 38824 
45783 35846 
42679 30990 
49809 41987 
45390 35104 
50380 42819 
51158 44003 
47892 38890 
45932 35795 
48859 40286 
33979 16848 
42349 29888 
45318 34518 
44561 33294 
42901 30558 
44347 32782 
47886 38322 
51786 44512 
47341 37361 
48654 39405 
56318 51653 
46288 35504 
50876 42856 
50484 42160 
55823 50771 
55651 50453 
53142 46328 
40725 26023 
48017 37867 
55497 50056 
51086 42799 
44689 32247 
51705 43723 
47571 36879 
45824 33897 
41292 26322 
44663 31849 
49644 40069 
43272 29374 
46530 34732 
55140 49101 
49905 40256 
50377 40972 
46695 34705 
42363 27277 
46127 33601 
47760 36335 
51118 42028 
54074 47042 
51117 41958 
52234 43818 
46163 33343 
47893 36228 
52303 43787 
50016 39762 
44182 29537 
46385 33329 
49246 38225 
44456 29817 
47390 34900 
54278 46937 
55709 49424 
39042 19998 
48880 37303 
53553 45488 
57943 53226 
47457 34517 
50979 40737 
42568 25610 
49381 37714 
44170 28284 
52302 42873 
48956 36738 
51604 41468 
46971 32955 
43152 25864 
55685 48739 
45560 30067 
61238 58892 
43149 25449 
51504 40812 
45084 28794 
44989 28561 
48748 35511 
41699 22263 
50957 39529 
49413 36602 
48900 35568 
48846 35380 
55782 48443 
49497 36513 
48272 34142 
48689 34851 
62258 60667 
42431 22690 
43610 24856 
42544 22738 
55158 46941 
46220 29663 
49411 35794 
46460 30044 
35197 8133 
43799 24742 
51943 40507 
36526 10389 
51479 39479 
43696 24118 
46646 29830 
47928 32313 
45862 28126 
44986 26323 
39951 16297 
49462 35050 
48395 32829 
49648 35290 
44150 24177 
52363 40610 
55490 46847 
51016 37779 
44117 23792 
47052 29617 
50409 36382 
51949 39478 
44476 24172 
49751 34820 
48414 31977 
52892 41142 
48925 32939 
45840 26479 
50161 35326 
54598 44489 
49269 33388 
48823 32364 
50936 36687 
55897 47026 
44683 23485 
57224 49735 
44534 22960 
46367 26699 
54437 43696 
52101 38640 
48257 30376 
48683 31188 
51138 36386 
57960 50997 
42860 18400 
51010 35944 
55908 46465 
47630 28400 
51915 37649 
55259 44883 
52237 38170 
51595 36720 
52827 39354 
54805 43681 
49531 31907 
50029 32939 
49756 32290 
47063 26178 
53410 40273 
54242 42078 
50131 32768 
50455 33426 
52734 38529 
53582 40398 
49662 31405 
50458 33161 
46955 25139 
48549 28680 
49362 30441 
57347 48720 
51761 35865 
58653 51655 
43886 17440 
51262 34459 
52617 37496 
51463 34686 
47826 26088 
45592 20688 
48766 28079 
50534 32178 
58122 50041 
49281 29028 
53901 39919 
50558 31909 
50642 32035 
51312 33531 
50093 30554 
48229 26016 
60759 56173 
54769 41683 
53181 37781 
50935 32239 
51307 33009 
45733 19251 
54016 39473 
55505 43049 
47740 23782 
51735 33570 
53119 36953 
50356 29948 
55278 42187 
47619 22881 
53899 38525 
51440 32274 
56341 44607 
53649 37727 
55806 43125 
49733 27598 
53823 37934 
51277 31326 
45715 16909 
49157 25707 
48184 23033 
50426 28757 
55747 42504 
55526 41842 
49727 26568 
55504 41674 
53173 35444 
53952 37373 
46128 16494 
56210 43224 
53684 36454 
49958 26452 
50614 28038 
58404 48916 
51244 29547 
57086 45286 
56192 42826 
54873 39153 
55875 41811 
49816 25203 
53959 36448 
53019 33779 
55060 39303 
49630 24141 
52259 31383 
56353 42672 
53387 34283 
52090 30596 
53082 33292 
56558 42968 
52250 30694 
56047 41342 
55825 40620 
56641 42886 
50071 23855 
53672 34159 
50675 25311 
53942 34705 
53453 33133 
49105 20356 
51439 27102 
49342 20851 
58756 48510 
60068 52338 
53792 33640 
58154 46566 
57114 43372 
52482 29463 
53375 31988 
55086 37004 
46579 10998 
52179 27949 
54225 34048 
49597 19793 
56883 42087 
53336 31087 
51469 25129 
53483 31277 
50865 22961 
50248 20837 
51485 24614 
48377 14624 
52296 26895 
52329 26832 
57585 43479 
50442 20473 
45033 2888 
53971 31610 
51334 23027 
56738 40440 
52381 26127 
56073 38069 
54276 32110 
55021 34436 
58886 47115 
54589 32847 
54459 32327 
54645 32772 
54133 30999 
54533 32238 
57383 41693 
52365 24620 
57712 42634 
51981 23085 
53888 29450 
55239 33928 
56289 37436 
58330 44409 
51653 21271 
57629 41860 
58806 45912 
64010 64010 
55947 35851 
58143 43396 
56430 37266 
56602 37803 
56445 37190 
56223 36359 
57149 39561 
54109 28596 
56541 37162 
55701 34085 
55488 33155 
49568 11593 
52212 21004 
54603 29547 
52208 20602 
52191 20421 
50910 15555 
52832 22443 
54027 26789 
54486 28414 
54095 26866 
60626 51268 
55005 29996 
57677 40040 
53940 25821 
57541 39351 
53604 24232 
54446 27293 
55138 29782 
54637 27751 
57257 37745 
53655 23543 
55904 32185 
55026 28592 
55545 30556 
56173 32943 
55245 29192 
59387 45539 
57327 37185 
57841 39162 
55155 28103 
56572 33748 
53986 23059 
56029 31225 
56217 31805 
56747 33836 
58383 40524 
57669 37424 
57430 36244 
57592 36874 
56119 30546 
56779 33148 
58558 40608 
57324 35152 
58857 41704 
57133 34168 
53840 19734 
59301 43368 
58807 41088 
58169 38146 
54333 21055 
61019 50697 
58671 40158 
58829 40813 
56647 30919 
58647 39780 
61308 51772 
56972 31974 
55764 26371 
56268 28406 
55029 22445 
58609 38847 
59401 42399 
54193 17836 
59053 40572 
57315 32180 
58810 39201 
60936 49293 
60199 45641 
57316 31626 
59193 40625 
56914 29453 
55665 23163 
56919 29171 
55381 21468 
56793 28229 
56409 26111 
61629 52079 
58318 35330 
57180 29459 
58125 34086 
54766 16829 
56565 25911 
56998 27846 
57492 30216 
59624 41207 
55011 17038 
59722 41512 
59997 42788 
57152 27558 
59020 37426 
56130 21933 
56617 24226 
61080 48115 
56317 21938 
59904 41451 
61843 52027 
58533 33612 
59056 36280 
57883 29553 
59030 35821 
55864 17502 
58179 30509 
56694 21725 
58222 30394 
57654 26863 
56999 22679 
56570 19772 
58769 32630 
59991 39748 
59774 38343 
58167 28281 
59404 35656 
56385 16881 
58362 28947 
59025 32791 
60479 41788 
57273 21338 
58733 30312 
60032 38472 
61334 46711 
58778 30083 
58013 24749 
61123 44960 
61159 45081 
60262 39052 
60726 42041 
60004 37039 
59114 30714 
58979 29450 
59911 35734 
57919 21815 
60990 42991 
56606 12305 
59101 29633 
57234 16372 
58078 22122 
59834 34293 
60604 39572 
61430 45390 
58439 23557 
59647 32090 
61056 42155 
60766 39831 
58580 23362 
59806 32280 
60886 40149 
59862 32229 
59760 31197 
58564 21729 
58915 24205 
58497 20775 
59075 25040 
60760 38210 
59633 28897 
60818 38140 
59292 25622 
60611 36076 
60086 31398 
60553 35094 
59503 25822 
60883 37239 
60096 30325 
60723 35598 
61760 44493 
62358 49563 
62052 46737 
59040 19893 
59468 23423 
61567 42065 
59937 27277 
61225 38597 
62325 48455 
60042 27136 
59690 23562 
61065 36093 
61245 37513 
59707 22555 
60991 34549 
60970 34011 
61255 36636 
62768 51489 
61042 33754 
60933 32195 
58985 11661 
62321 46193 
60314 24425 
60521 26180 
61477 36106 
61328 34215 
62109 42531 
62372 45178 
62024 40951 
60232 19498 
60894 27095 
62426 45063 
60165 17257 
61141 28527 
61625 34084 
61405 30728 
61540 32067 
61382 29449 
61863 35220 
61663 32343 
62545 43898 
62013 36156 
62121 37363 
62346 40222 
61020 20334 
60875 17698 
61536 27090 
61900 31998 
62098 34387 
61351 22267 
61218 19684 
62628 41914 
62276 35788 
62249 34653 
62625 40586 
62429 36639 
61925 27578 
61904 26356 
61958 26586 
62363 33168 
62512 35119 
61632 17646 
62369 31407 
62624 35751 
63329 49933 
63066 44168 
61737 14707 
62077 21171 
62265 24490 
61966 16771 
62832 36386 
62771 34158 
62787 33843 
62875 35514 
62878 34481 
63136 40858 
62836 32528 
63215 41754 
63061 36907 
62974 33627 
63264 41826 
63042 34491 
62816 26422 
62760 23873 
62890 26518 
63183 35105 
63233 36293 
63241 35539 
63362 39295 
63397 39553 
62997 22730 
63063 24520 
63313 33900 
63289 31300 
63197 24878 
63547 40448 
63095 14897 
63528 37412 
63601 39739 
63384 25284 
63372 21198 
63719 42252 
63600 31094 
63821 48083 
63743 40145 
63775 41406 
63825 44022 
63613 12734 
63795 31764 
63867 37915 
63906 42615 
63894 33742 
63956 45918 
63904 17487 
63972 40300 
64000 24968 
64021 35627 
64056 36368 
64078 38345 
64132 32165 
64188 23530 
64201 31643 
64208 34669 
64113 50793 
64183 44157 
64259 39470 
64336 35246 
64359 36973 
64619 19190 
64557 26303 
64715 18695 
64296 47012 
64495 36979 
65034 10683 
65000 15265 
64441 43710 
65025 18024 
64612 38461 
64931 25822 
65111 21011 
65160 20781 
64391 50048 
64866 34035 
64878 34435 
64734 40118 
64762 39862 
64935 35384 
64548 47968 
65221 29183 
65024 35905 
64937 38837 
65697 19614 
65366 29445 
64726 46196 
65372 30591 
64949 41780 
65307 33932 
65046 40419 
66053 18594 
65584 29912 
65352 35240 
65653 29374 
66288 16771 
65770 27882 
66008 23437 
65740 29458 
66178 21594 
65005 44692 
64712 50646 
65404 37799 
65932 28397 
65991 27998 
65986 28865 
66554 19512 
65288 42219 
65398 40510 
65971 31568 
65548 38863 
65935 33128 
67136 14676 
66043 32309 
65470 41770 
64381 58473 
67544 11772 
66889 22371 
67106 19715 
66075 34741 
65951 36761 
66408 30984 
66093 35853 
65924 38550 
66078 36844 
67459 19251 
66892 27350 
67973 14055 
65557 44836 
66788 30139 
67229 25359 
67369 24426 
67543 22640 
66394 36515 
68385 14082 
65879 42884 
67549 24671 
66451 37026 
67480 26130 
67924 21940 
67066 31459 
66871 33845 
68375 18225 
67912 23271 
67141 31645 
69490 7990 
66434 39423 
67360 30525 
66624 38218 
67155 33240 
67162 33501 
67539 30353 
69211 14950 
66363 42131 
65590 49451 
66548 40786 
67861 29164 
67195 35388 
67963 28852 
67407 34045 
68528 24612 
67124 37177 
69223 19312 
65737 49330 
68187 28825 
67787 32576 
66929 39952 
68106 30428 
67773 33377 
68353 28873 
68199 30545 
68069 31816 
69712 19188 
67148 39560 
68308 30831 
69894 18882 
68290 31363 
68038 33423 
68140 32859 
67560 37428 
66567 44920 
68509 30652 
66949 42305 
67261 40207 
65919 50096 
69210 26336 
66724 44470 
69281 26190 
71066 13684 
65037 56730 
69216 27416 
68690 31374 
68601 32180 
67481 40058 
67947 37088 
67884 37734 
70125 22959 
69116 29926 
70477 21117 
66428 48035 
64478 60942 
68998 31611 
68558 34626 
68588 34572 
69076 31637 
68995 32246 
70891 20368 
68163 37884 
70534 23111 
70310 24724 
70010 26963 
72257 13255 
66705 47562 
69108 33008 
68458 37034 
70216 26485 
69647 30047 
68761 35534 
71127 21563 
69376 32207 
68029 40268 
72579 13740 
67997 40704 
70886 23927 
68255 39345 
73822 7242 
70968 23892 
71292 22203 
70401 27627 
67666 43277 
69657 32095 
69539 33042 
68231 40505 
70569 27759 
65889 53689 
70263 29891 
68278 40850 
71086 25732 
73106 15084 
68635 39228 
70034 31839 
67858 43611 
73084 16120 
71525 24516 
67418 46217 
69195 37162 
64862 59628 
69990 33374 
71752 24650 
70840 29534 
70933 29315 
70703 30711 
68841 40104 
71281 28282 
69375 37723 
69630 36676 
71592 27238 
71374 28434 
71846 26428 
71780 26844 
71837 26724 
69793 36536 
67873 45787 
69734 37088 
68108 44803 
71488 29167 
67175 49371 
68940 41381 
69110 40684 
72932 23420 
72753 24521 
71624 29792 
67154 49933 
74953 15185 
68672 43345 
72818 25230 
69093 41738 
70395 36095 
69265 41198 
70908 34229 
73886 21470 
71821 30586 
70800 35153 
69898 39106 
70919 34877 
73650 23440 
71044 34567 
75313 16806 
70192 38277 
68784 44228 
73458 25062 
73890 23373 
71573 32958 
72308 30090 
72865 27899 
72451 29816 
70849 36478 
73656 25344 
71788 33027 
70669 37546 
74427 22697 
72601 30075 
70265 39424 
72649 30269 
68927 44850 
73267 28169 
73536 27293 
67051 52359 
76663 15635 
71421 35740 
74636 23553 
71816 34463 
72746 31141 
74097 26280 
69617 43137 
73204 29867 
69946 42077 
75620 21366 
71314 37246 
75800 21029 
76346 19138 
64771 61251 
74081 27685 
70103 42125 
74706 25665 
70562 40645 
68780 47091 
72486 34053 
73790 29543 
80157 7330 
76053 21938 
75956 22410 
75365 24613 
75995 22589 
77251 18408 
70506 41736 
71627 37932 
74626 27721 
74941 26734 
74781 27448 
72817 34257 
71145 40002 
71920 37476 
72479 35720 
75101 27048 
75272 26610 
74093 30707 
74543 29344 
75230 27196 
71643 39014 
72502 36330 
70052 44366 
70447 43144 
71005 41444 
71263 40713 
73348 34161 
74627 30160 
71595 39925 
77302 21880 
77434 21683 
75957 26426 
72492 37367 
76100 26136 
68471 50104 
67402 53492 
72890 36607 
77953 21069 
76947 24227 
71893 39862 
75822 27912 
73462 35183 
73302 35757 
76742 25465 
72134 39522 
76106 27665 
74482 32601 
75767 28831 
71667 41135 
74386 33115 
75092 31154 
71775 41031 
79450 18442 
75781 29439 
73149 37220 
75270 31153 
70375 45486 
73492 36504 
73479 36604 
76255 28637 
74744 33084 
75977 29670 
73578 36613 
70954 44201 
73489 37013 
73376 37430 
74028 35651 
69095 49655 
73940 36098 
70345 46288 
77281 26936 
71156 44097 
74568 34675 
68090 52704 
73159 38741 
76460 29699 
76288 30256 
75102 33601 
75713 32070 
82970 12484 
73316 38758 
76121 31188 
76976 29028 
73691 37963 
75156 34092 
75076 34374 
74308 36510 
66683 56895 
81547 17472 
72558 41364 
79238 23839 
78167 26757 
77123 29645 
79081 24677 
82750 15173 
69581 49547 
74065 37982 
73012 40777 
73092 40647 
78881 25910 
71506 44852 
78500 27114 
75811 34059 
74128 38393 
72114 43517 
75294 35565 
74569 37438 
72699 42219 
79332 25670 
77409 30623 
69006 51599 
76900 32087 
73015 41807 
75394 35994 
75480 35893 
77096 31984 
76025 34650 
79289 26760 
75799 35329 
78511 28836 
72029 44599 
74841 37889 
76185 34706 
72437 43792 
73246 41928 
69351 51253 
77879 30946 
70113 49507 
74708 38688 
70574 48500 
78625 29608 
83169 19100 
77369 32826 
80465 25720 
72253 44884 
79168 28950 
83767 18477 
81957 22746 
74600 39760 
66281 58820 
81143 24936 
77380 33577 
78297 31561 
76612 35506 
76769 35250 
79761 28618 
75406 38472 
74247 41161 
79857 28685 
74515 40660 
71902 46528 
73519 42987 
67081 57227 
78716 31600 
82312 23742 
74509 40997 
75370 39145 
74291 41552 
80186 28725 
75215 39666 
79292 30938 
75316 39606 
75625 38966 
78842 32155 
78498 32938 
70705 49694 
70894 49306 
76056 38324 
74638 41390 
78298 33671 
74459 41879 
81468 27148 
74618 41669 
78139 34329 
75933 38991 
77548 35679 
78529 33659 
81863 26800 
76890 37260 
82232 26262 
71248 49069 
74316 42792 
82313 26368 
76593 38218 
83083 25071 
68258 55358 
79288 32931 
71691 48415 
83184 25149 
86801 17870 
91026 9460 
78464 34921 
72076 47809 
86223 19512 
78649 34770 
79782 32566 
70613 50891 
72616 46940 
72173 47866 
80906 30642 
71181 49894 
74095 44195 
66387 59350 
77903 36870 
81308 30262 
73315 45895 
79199 34483 
79829 33349 
80019 33086 
69422 53574 
84004 25520 
73551 45692 
75179 42632 
83443 26880 
76104 40982 
83472 27032 
85416 23438 
76685 40034 
76240 40956 
82809 28668 
86419 22010 
81157 31916 
80206 33766 
78826 36372 
79371 35393 
79236 35699 
70342 52276 
74465 44701 
82567 29826 
80253 34150 
85693 24262 
80784 33334 
84803 26046 
79595 35621 
77201 40017 
82283 30859 
79335 36282 
79233 36494 
75225 43810 
84287 27619 
81043 33477 
80873 33886 
77093 40711 
77866 39391 
80443 34858 
83171 30128 
83239 30055 
75671 43474 
80448 35096 
82497 31523 
74524 45575 
81720 32996 
82455 31791 
76749 41804 
76184 42832 
86367 25224 
80875 34836 
82152 32735 
81816 33381 
82587 32116 
78472 39240 
76766 42189 
81719 33791 
82641 32330 
79278 38091 
71958 50531 
76158 43448 
72092 50346 
68224 56903 
89237 21523 
79070 38727 
70175 53694 
70488 53200 
78621 39701 
76253 43672 
80516 36687 
72348 50227 
75031 45854 
81980 34452 
81225 35763 
84874 29814 
84577 30348 
75229 45707 
78257 40826 
91458 19487 
93096 16969 
87076 26805 
79249 39474 
89346 23291 
78608 40594 
86715 27706 
66485 60055 
76930 43403 
84873 30846 
86981 27560 
77025 43401 
85443 30115 
78972 40389 
85364 30414 
79408 39824 
88537 25535 
81626 36445 
76549 44427 
86829 28455 
86219 29451 
75803 45718 
80297 38790 
85813 30364 
72213 51385 
80809 38191 
79082 40904 
79697 39994 
82039 36495 
78643 41719 
77326 43750 
73110 50205 
78823 41598 
83301 34849 
86566 30011 
78204 42674 
85764 31359 
81998 37042 
82920 35748 
71110 53429 
79492 40992 
80715 39217 
78693 42247 
81482 38186 
84127 34316 
87894 28840 
80599 39614 
81556 38270 
71786 52616 
75936 46554 
86042 31841 
89053 27519 
80539 39962 
88460 28506 
83355 35965 
84064 34976 
86844 31039 
81987 38137 
86221 32105 
87621 30175 
83170 36626 
83772 35839 
75677 47416 
79346 42270 
78516 43499 
80423 40847 
92218 24259 
86784 31986 
87091 31593 
94882 20689 
88558 29600 
73404 50872 
77108 45743 
86901 32154 
89311 28864 
87315 31695 
80025 41861 
83156 37614 
78286 44385 
92385 25084 
87667 31655 
82238 39153 
72328 52689 
93714 23650 
72371 52667 
75981 47819 
94342 23074 
84672 36167 
82255 39472 
80155 42323 
85183 35597 
90985 27893 
82464 39349 
86211 34417 
85793 35044 
91548 27494 
80602 42037 
76419 47613 
81208 41333 
84473 37077 
85253 36082 
102330 13777 
81950 40514 
85906 35405 
86001 35304 
73803 51259 
83315 38944 
79162 44374 
81590 41278 
80581 42611 
89625 31038 
88999 31875 
87556 33790 
83837 38585 
87918 33446 
75183 49739 
83427 39276 
78996 44965 
78728 45361 
83177 39765 
85295 37168 
76352 48472 
91595 29358 
83442 39656 
83431 39725 
80717 43179 
88655 33365 
74233 51332 
84774 38304 
85796 37099 
81923 41953 
86122 36828 
82110 41831 
72974 53042 
92805 28883 
87139 35848 
85856 37482 
70444 56205 
86680 36546 
83972 39856 
95513 25932 
72622 53617 
71756 54683 
81058 43516 
82855 41404 
88250 34984 
78476 46727 
94849 27220 
93291 29136 
93401 29067 
82634 41902 
90739 32374 
96904 25120 
80554 44502 
85198 39066 
87172 36824 
86637 37523 
84794 39713 
84962 39543 
90493 33130 
80113 45253 
75251 50946 
93423 29908 
87564 36779 
83711 41254 
86156 38459 
88030 36362 
79930 45702 
96019 27266 
84835 40152 
78041 47978 
82306 43131 
83672 41612 
82282 43245 
90285 34179 
87678 37221 
79334 46706 
91707 32818 
88474 36519 
86318 38994 
82095 43760 
91943 32810 
82899 42951 
91251 33723 
93474 31330 
75826 50932 
89249 36124 
94464 30398 
81667 44580 
92153 33110 
77885 48793 
86654 39250 
83884 42318 
93915 31471 
96308 28945 
91318 34418 
85088 41239 
82739 43836 
88283 37937 
85437 41065 
79511 47438 
86735 39781 
82297 44572 
84014 42766 
78268 48889 
86456 40232 
81955 45045 
92142 34354 
90420 36254 
83822 43246 
85563 41459 
85228 41835 
88227 38728 
85806 41306 
82183 45129 
80153 47277 
96418 30483 
91298 35821 
76202 51446 
85056 42382 
84602 42890 
87906 39546 
85870 41686 
82695 44983 
88470 39141 
89895 37714 
95328 32260 
90201 37539 
82962 44903 
79415 48494 
83320 44578 
90380 37551 
78205 49784 
81237 46796 
80946 47137 
84587 43540 
91155 37088 
81786 46414 
78207 49992 
100444 28102 
77588 50654 
83337 45015 
101196 27521 
99275 29488 
83488 44973 
80547 47887 
84861 43730 
85584 43071 
79657 48857 
96120 32977 
89700 39206 
95834 33320 
85545 43292 
91756 37343 
91523 37632 
87203 41807 
83221 45650 
92239 37081 
74344 54179 
91260 38119 
93086 36409 
93789 35785 
95442 34250 
94749 34978 
80033 48899 
81802 47274 
86607 42796 
86101 43320 
93900 36072 
90579 39197 
86807 42748 
69352 59033 
81887 47385 
97616 32807 
86888 42810 
92558 37591 
88028 41806 
87764 42086 
98881 31902 
88475 41526 
84865 44877 
88051 42014 
96537 34305 
99394 31781 
89345 40982 
94025 36808 
92210 38488 
84593 45399 
88216 42187 
87925 42492 
91543 39299 
83656 46419 
85137 45127 
91367 39596 
84282 45971 
89659 41247 
83011 47178 
83447 46815 
77945 51698 
86790 43932 
91107 40170 
83657 46768 
92953 38641 
100846 31811 
85861 44942 
76631 53019 
78641 51283 
75654 53895 
87438 43694 
84441 46335 
90948 40724 
100053 32890 
84438 46400 
83518 47214 
87271 44034 
97088 35675 
89611 42130 
96205 36574 
99603 33771 
85397 45887 
66129 62217 
87049 44541 
93402 39250 
98027 35433 
89383 42740 
91261 41213 
85842 45772 
91792 40871 
88163 43956 
89275 43061 
94058 39131 
78326 52187 
88278 43988 
96828 37009 
74982 55010 
91654 41373 
80211 50767 
90258 42582 
85705 46340 
94348 39350 
90082 42836 
89594 43287 
88086 44558 
88861 43970 
87495 45094 
80904 50420 
83300 48536 
94691 39459 
96471 38058 
95150 39176 
82792 49075 
90248 43189 
91111 42566 
90303 43267 
101350 34590 
82661 49347 
111108 27014 
89194 44274 
77682 53313 
108696 29106 
97509 37891 
87683 45595 
84049 48451 
93698 41017 
88723 44891 
91220 42998 
90713 43453 
78075 53192 
93968 41035 
102607 34506 
101677 35262 
102938 34378 
91412 43215 
98578 37820 
91867 42962 
89857 44507 
108242 30717 
94736 40915 
92245 42812 
90023 44540 
82934 49874 
94855 41014 
91938 43251 
98279 38602 
91749 43505 
87435 46717 
93171 42538 
83278 49854 
93138 42632 
94820 41460 
94343 41874 
78461 53495 
89257 45691 
87620 46918 
83730 49754 
92964 43107 
80752 51952 
91311 44408 
84097 49615 
96756 40582 
89661 45699 
106530 33700 
82387 50944 
87712 47180 
97427 40335 
97232 40511 
89021 46356 
90740 45188 
96225 41358 
85684 48784 
96915 40965 
97423 40656 
77408 54657 
94463 42812 
84698 49626 
74740 56566 
89331 46481 
99328 39638 
107194 34277 
87873 47597 
86665 48455 
77979 54443 
86799 48433 
80890 52485 
83936 50425 
88418 47425 
83824 50576 
89151 47014 
92505 44797 
90833 45976 
89815 46690 
100012 39866 
98785 40746 
117248 28490 
95875 42797 
107587 35071 
88260 47941 
96302 42654 
93472 44555 
92117 45472 
85093 50128 
78595 54419 
93334 44765 
86855 49055 
90181 46911 
85080 50288 
80454 53326 
90151 47045 
102399 39122 
94831 44072 
91313 46395 
88864 48008 
98612 41773 
103097 38975 
82211 52365 
94244 44733 
73198 58158 
85652 50271 
88378 48557 
72409 58701 
94602 44701 
77371 55595 
85043 50785 
87542 49236 
88387 48744 
86538 49945 
99073 42143 
82980 52213 
96665 43756 
97914 43047 
93421 45856 
78776 54908 
83436 52070 
95987 44400 
85679 50751 
88787 48878 
86655 50220 
92339 46787 
91157 47553 
91020 47663 
92518 46815 
91951 47184 
85197 51264 
92983 46638 
107499 38021 
98621 43356 
78438 55426 
80807 54046 
84326 52001 
98202 43867 
104542 40175 
89285 49188 
86052 51100 
90786 48371 
83694 52546 
81448 53874 
105171 40147 
91488 48134 
100438 43001 
91071 48443 
110220 37519 
98085 44525 
84257 52460 
86791 51029 
86394 51299 
87886 50489 
95949 45977 
87856 50570 
86468 51396 
85456 51995 
69321 61042 
110957 37836 
92440 48197 
89135 50070 
94870 46910 
92322 48364 
91532 48844 
91120 49111 
96272 46334 
93891 47659 
83624 53304 
100051 44409 
87572 51235 
102618 43128 
97603 45883 
94634 47531 
95237 47231 
98013 45804 
92582 48730 
97017 46406 
75874 57698 
88607 50963 
92060 49174 
94440 47940 
85783 52544 
95185 47632 
97883 46252 
85521 52764 
87224 51906 
97089 46807 
99559 45565 
99977 45395 
87375 51962 
96262 47417 
92413 49437 
86116 52688 
102642 44298 
94233 48634 
105497 42955 
79034 56411 
89219 51278 
100342 45691 
103035 44404 
90325 50817 
109001 41493 
102235 44914 
90840 50658 
91647 50273 
78824 56674 
80536 55840 
86920 52704 
98014 47253 
90585 50966 
94513 49068 
80081 56146 
87954 52341 
89660 51547 
89588 51622 
91377 50808 
105852 43878 
85170 53867 
99598 47008 
87945 52594 
91967 50724 
96771 48496 
98378 47755 
99951 47077 
97413 48321 
104968 44846 
84781 54324 
90467 51714 
87198 53248 
78123 57475 
86296 53714 
90794 51686 
108767 43500 
104197 45644 
100127 47570 
92651 51021 
86819 53707 
100065 47773 
88331 53098 
92528 51269 
91779 51654 
74223 59475 
69432 61612 
99471 48353 
102169 47215 
91553 51916 
95505 50200 
104752 46199 
92903 51395 
81743 56285 
84651 55028 
87243 53920 
105507 46048 
77742 58079 
73021 60134 
100200 48510 
96125 50289 
85279 54935 
94189 51154 
103457 47237 
99440 48997 
98737 49350 
97542 49896 
90937 52715 
103913 47306 
95489 50876 
114077 43173 
90290 53109 
101379 48557 
95536 51027 
95515 51086 
87504 54409 
83940 55892 
91800 52706 
90751 53168 
85913 55155 
97850 50355 
88117 54307 
66680 62939 
96359 51081 
98834 50112 
96484 51090 
98995 50118 
101578 49145 
88258 54453 
91467 53231 
91323 53332 
82372 56862 
98481 50653 
101996 49333 
85938 55553 
104830 48339 
91258 53575 
92587 53086 
95765 51921 
81025 57556 
85948 55713 
92421 53296 
92720 53199 
81422 57468 
107361 47754 
96217 51985 
86441 55663 
94693 52635 
95972 52202 
84300 56532 
88401 55058 
95404 52543 
93956 53100 
104537 49267 
103713 49637 
78700 58717 
79131 58576 
99837 51192 
96457 52449 
107714 48514 
88934 55190 
83135 57251 
101557 50763 
97574 52202 
92162 54135 
105050 49675 
104612 49870 
100172 51438 
103446 50356 
88911 55430 
99380 51873 
95772 53147 
98282 52335 
89188 55445 
83527 57394 
97573 52691 
113067 47535 
89409 55501 
80740 58414 
77316 59581 
105758 50168 
101255 51722 
109109 49168 
94176 54110 
94220 54119 
91396 55072 
103313 51215 
109304 49298 
69665 62175 
82002 58196 
91476 55166 
92216 54976 
74728 60586 
99494 52711 
93013 54820 
97647 53403 
76681 60030 
96197 53945 
91983 55311 
105544 51119 
109923 49819 
105700 51186 
108386 50400 
88883 56410 
102648 52239 
92842 55244 
98752 53506 
92410 55443 
85319 57614 
111100 49916 
93194 55303 
103458 52282 
95028 54826 
91072 56021 
104465 52125 
87646 57082 
96996 54393 
91909 55903 
92780 55689 
91742 56035 
81641 58967 
109241 51108 
116872 48963 
101627 53362 
109161 51259 
97589 54554 
95998 55023 
92963 55909 
86492 57734 
88631 57166 
88758 57146 
104130 52921 
99854 54134 
96467 55099 
84077 58528 
113958 50445 
81003 59407 
85482 58223 
94065 55957 
92762 56340 
100640 54268 
95466 55685 
97474 55188 
111005 51690 
84440 58675 
83625 58912 
102754 53958 
89826 57333 
98592 55104 
88173 57804 
98769 55105 
89467 57517 
99063 55090 
104284 53811 
104905 53706 
95485 56103 
97170 55733 
100467 54968 
85905 58608 
90578 57467 
102257 54650 
91233 57387 
109248 53069 
107170 53629 
96626 56183 
87741 58330 
102246 54891 
89173 58027 
101562 55134 
89993 57900 
96565 56386 
98470 55980 
96808 56397 
95674 56697 
100805 55572 
94614 57033 
92174 57609 
98108 56302 
94797 57092 
93955 57302 
97067 56636 
92235 57731 
81192 60200 
75581 61451 
108143 54310 
111966 53521 
94336 57407 
98694 56488 
95703 57171 
98028 56701 
93169 57762 
97777 56824 
91338 58233 
119021 52433 
89282 58703 
100247 56421 
92662 58035 
89084 58815 
80846 60534 
105127 55565 
105473 55561 
106503 55386 
95629 57623 
106804 55412 
92354 58346 
96717 57513 
94147 58072 
86619 59591 
99533 57120 
86658 59638 
97211 57634 
98075 57489 
96873 57750 
85244 59994 
91591 58835 
94167 58386 
93548 58523 
91428 58961 
98521 57703 
110598 55546 
75602 61911 
98688 57750 
97373 58039 
114822 54939 
94514 58602 
93760 58762 
93295 58869 
92532 59019 
87669 59890 
90790 59378 
103176 57266 
106963 56650 
97655 58291 
100621 57815 
86703 60201 
92942 59193 
98679 58275 
107037 56926 
96630 58670 
108642 56756 
103440 57640 
112134 56306 
94950 59103 
98471 58596 
94146 59313 
92113 59648 
85217 60734 
99970 58485 
65870 63725 
83306 61086 
85847 60717 
94764 59386 
108397 57366 
79583 61701 
90850 60057 
103632 58226 
101618 58556 
89604 60314 
89461 60360 
96960 59312 
100974 58788 
94369 59739 
109320 57687 
79640 61841 
97273 59415 
98784 59227 
86472 60952 
88003 60781 
95498 59805 
90026 60568 
83489 61441 
89278 60710 
127482 55806 
99879 59410 
90849 60583 
84926 61353 
79094 62101 
87013 61132 
83618 61583 
94627 60257 
94683 60265 
86170 61328 
95610 60203 
89368 60979 
100009 59731 
100327 59739 
89880 60984 
102920 59494 
88668 61183 
75558 62697 
98206 60154 
88559 61259 
87379 61424 
82443 61991 
94024 60761 
98704 60286 
100745 60109 
98358 60403 
96838 60586 
69148 63476 
116512 58622 
82120 62163 
92947 61091 
112797 59126 
98984 60538 
105344 59926 
93946 61069 
85216 61954 
114960 59095 
106303 59951 
92224 61330 
79039 62603 
101074 60559 
108385 59928 
102462 60518 
90495 61628 
106262 60258 
98333 61004 
108092 60175 
100799 60867 
101276 60860 
106458 60485 
94449 61494 
93967 61567 
95461 61482 
88524 62068 
98341 61333 
100661 61200 
95868 61615 
92143 61925 
110594 60607 
92208 61982 
88849 62242 
89928 62188 
99204 61562 
96583 61792 
99310 61626 
105716 61251 
92734 62135 
101605 61601 
91484 62266 
89486 62411 
83968 62771 
82247 62904 
100850 61796 
103785 61660 
90288 62481 
85910 62767 
107492 61567 
108717 61563 
86487 62794 
98210 62203 
89636 62682 
97222 62313 
102853 62081 
106882 61899 
93998 62563 
103951 62110 
99780 62355 
100888 62347 
104414 62238 
106934 62167 
88997 62973 
85710 63142 
77415 63484 
114346 62083 
96934 62763 
92521 62964 
92250 62999 
99975 62739 
87127 63209 
116230 62279 
101978 62772 
84294 63363 
102617 62809 
92225 63173 
73977 63719 
86114 63393 
92933 63221 
110029 62804 
100862 63084 
88832 63418 
88065 63463 
100546 63196 
89742 63448 
91782 63427 
104729 63193 
94004 63436 
86417 63592 
83954 63656 
99072 63436 
90782 63602 
104878 63439 
92506 63650 
99888 63586 
95665 63655 
92928 63697 
87901 63769 
95845 63738 
87052 63833 
113929 63663 
99940 63785 
87758 63897 
89323 63900 
82166 63941 
99697 63896 
97019 63926 
86988 63978 
85594 64001 
114421 64019 
98558 64040 
103508 64073 
92620 64085 
80349 64072 
87149 64116 
93545 64170 
106616 64261 
86765 64162 
101918 64296 
92061 64260 
115865 64522 
106357 64465 
100894 64424 
99536 64437 
95883 64432 
78424 64209 
85016 64321 
79778 64266 
87310 64412 
84884 64384 
100042 64671 
83771 64399 
92243 64600 
92078 64614 
98633 64774 
101454 64859 
99424 64850 
110338 65157 
93596 64765 
88171 64639 
111756 65295 
103645 65107 
100498 65052 
98306 65026 
100997 65124 
100624 65148 
99607 65139 
87237 64769 
91827 64950 
94913 65082 
106160 65524 
103095 65451 
124039 66304 
95662 65242 
94290 65202 
89360 65046 
110390 65974 
79608 64678 
106597 65858 
110295 66081 
95754 65447 
98981 65635 
93567 65415 
95437 65530 
97872 65692 
105517 66137 
91988 65464 
102425 66056 
109393 66455 
108406 66458 
101731 66107 
95254 65773 
99428 66032 
94386 65766 
79320 64913 
76697 64772 
92873 65760 
94322 65895 
100670 66329 
86232 65447 
100803 66412 
95256 66065 
101740 66547 
85934 65498 
93032 66023 
84788 65473 
102200 66736 
96958 66394 
107460 67178 
89894 65926 
84040 65513 
90202 66009 
80094 65253 
90920 66129 
86956 65840 
85339 65739 
85075 65748 
108477 67742 
90566 66267 
82793 65625 
104297 67537 
97859 67027 
82936 65709 
108290 68005 
104331 67670 
98523 67164 
92817 66670 
100707 67456 
96452 67090 
89085 66417 
92382 66756 
107143 68217 
99165 67453 
106779 68233 
79728 65572 
115431 69147 
103354 67961 
110478 68749 
81254 65792 
103259 68086 
104497 68278 
96818 67508 
102578 68164 
106201 68618 
104734 68498 
83872 66229 
100890 68174 
102079 68343 
91544 67157 
97161 67818 
100723 68265 
98872 68071 
79843 65877 
83209 66292 
79111 65822 
98985 68237 
96153 67924 
93940 67681 
106863 69319 
94269 67774 
114093 70290 
83444 66463 
94892 67922 
78967 65925 
93201 67763 
87146 67005 
77399 65764 
117482 71038 
92860 67818 
109976 70113 
84914 66800 
101493 69031 
105141 69555 
97778 68602 
116778 71208 
99571 68898 
92437 67949 
105709 69850 
91706 67918 
83039 66722 
103887 69718 
105092 69946 
80199 66370 
82928 66785 
100471 69408 
101042 69547 
96011 68813 
88265 67685 
86569 67451 
97796 69208 
87320 67621 
83676 67065 
95244 68912 
108825 71085 
94665 68897 
83259 67108 
97240 69383 
95704 69149 
97898 69545 
81675 66910 
91844 68604 
99419 69890 
112629 72161 
97768 69709 
103580 70713 
106052 71169 
90716 68581 
107782 71521 
120998 73840 
110352 72034 
100350 70339 
102532 70749 
117006 73347 
101001 70567 
103034 70948 
89016 68485 
102548 70954 
83528 67548 
94991 69675 
109344 72362 
80174 67003 
119214 74302 
80380 67071 
97047 70205 
90537 69008 
84200 67828 
99020 70649 
100806 71028 
90099 69010 
108750 72643 
81203 67353 
94953 70055 
101356 71335 
98813 70885 
107219 72598 
106093 72434 
101908 71642 
87912 68857 
103991 72138 
97817 70926 
72635 65779 
106028 72671 
107566 73047 
94437 70360 
88640 69165 
90962 69680 
111637 74069 
87292 68938 
83955 68245 
104716 72678 
79454 67318 
105664 72990 
82916 68095 
65096 64245 
90343 69751 
84485 68506 
96022 71090 
94533 70775 
105051 73156 
94270 70799 
90209 69902 
82616 68219 
98113 71759 
92861 70599 
98916 72020 
98810 72013 
86644 69247 
95696 71357 
86572 69268 
94002 71016 
93337 70900 
100197 72554 
77567 67229 
98221 72179 
94380 71311 
84739 69025 
95940 71764 
96997 72064 
95123 71656 
107030 74632 
106153 74443 
97567 72367 
88696 70170 
117121 77313 
102072 73594 
97789 72546 
83640 68993 
94676 71814 
97205 72479 
92574 71320 
107591 75214 
105047 74618 
113702 76877 
99465 73207 
101470 73787 
82399 68832 
83587 69160 
88748 70534 
99019 73269 
92862 71653 
82030 68804 
91875 71440 
85612 69788 
103139 74531 
96378 72757 
88229 70583 
100612 73964 
98432 73395 
94579 72383 
99589 73788 
100938 74215 
85124 69855 
84005 69560 
77729 67838 
102101 74685 
83810 69576 
103615 75179 
102563 74923 
81549 68998 
96122 73171 
102899 75147 
101046 74636 
85329 70146 
104172 75589 
100384 74528 
85206 70166 
102914 75368 
96394 73504 
90146 71704 
96254 73557 
82596 69522 
100147 74781 
92036 72396 
97764 74136 
92630 72633 
92193 72540 
91469 72335 
89118 71644 
91512 72401 
96546 73990 
95889 73828 
96993 74221 
98910 74867 
108691 77957 
101445 75742 
95749 74009 
88768 71838 
107690 77856 
93484 73368 
99143 75203 
93691 73487 
93653 73494 
91241 72764 
104207 76957 
95910 74336 
92285 73202 
100397 75880 
93825 73774 
84964 70891 
100946 76179 
100638 76141 
76314 68100 
89101 72388 
82029 70049 
91933 73391 
80603 69600 
85752 71356 
110722 79862 
94941 74530 
104006 77653 
86934 71868 
98661 75941 
96938 75372 
101585 77002 
95705 75017 
95938 75122 
108625 79562 
95294 74948 
89439 72916 
95446 75071 
110159 80313 
85060 71464 
94409 74814 
84579 71330 
95724 75312 
99511 76704 
93348 74552 
82075 70522 
87571 72538 
95112 75306 
95966 75640 
89102 73167 
92230 74328 
90283 73657 
82137 70680 
93070 74747 
99135 77010 
106398 79727 
97587 76503 
102093 78220 
102888 78539 
92960 74848 
89581 73625 
89879 73779 
108953 81046 
89692 73775 
80573 70326 
88915 73530 
88036 73233 
115018 83638 
110380 81917 
97599 77023 
100232 78102 
94062 75719 
108514 81407 
79700 70170 
97498 77194 
89925 74250 
83476 71735 
97580 77391 
95930 76787 
102134 79319 
97821 77625 
101665 79241 
74775 68375 
83131 71787 
93665 76125 
80596 70796 
84845 72555 
104908 80812 
95286 76907 
108215 82312 
88811 74299 
101568 79637 
86326 73336 
103499 80542 
103648 80630 
95083 77090 
94448 76839 
102896 80428 
90090 75061 
82301 71781 
93788 76710 
80755 71179 
96363 77910 
104482 81425 
85498 73281 
103328 81021 
91562 75965 
97268 78459 
101220 80200 
93443 76845 
79215 70660 
102115 80710 
107620 83180 
81982 71928 
90784 75850 
88106 74696 
87448 74433 
86902 74207 
102974 81393 
100571 80363 
100287 80292 
89374 75418 
93755 77404 
91487 76408 
78081 70385 
80971 71705 
96417 78735 
94037 77701 
91190 76446 
99014 80061 
86959 74562 
100577 80870 
88041 75123 
95752 78735 
103252 82287 
101448 81484 
96012 78982 
82303 72597 
97776 79899 
90636 76589 
100525 81297 
109770 85702 
99723 80960 
95001 78739 
90623 76695 
94028 78335 
93531 78122 
91230 77065 
86802 74968 
95290 79072 
94613 78791 
97609 80282 
89623 76447 
84433 73965 
98293 80766 
97074 80197 
85980 74800 
100379 81939 
74430 69155 
113924 88688 
106790 85221 
85491 74701 
90264 77095 
81567 72784 
85530 74792 
102197 83198 
105816 85047 
98300 81293 
111610 88073 
90070 77202 
88812 76585 
100912 82764 
106535 85669 
78460 71385 
66244 65154 
89818 77277 
82689 73633 
97055 81081 
100514 82901 
105715 85667 
94916 80114 
86242 75627 
102860 84379 
95182 80402 
95919 80827 
97865 81884 
97513 81727 
92289 79001 
103512 84976 
94976 80477 
105227 85987 
97386 81827 
93252 79676 
104658 85808 
97697 82114 
105189 86179 
89799 77911 
92446 79379 
96328 81527 
91030 78680 
92002 79232 
97104 82025 
100672 84031 
90711 78641 
92237 79500 
80007 72811 
90463 78584 
96534 81984 
116314 92976 
107162 87950 
99626 83818 
84458 75398 
106603 87791 
102361 85483 
110901 90306 
99994 84224 
87037 76993 
89022 78136 
93793 80849 
105895 87758 
81382 73878 
83712 75219 
92167 80088 
86471 76853 
71337 68205 
97323 83132 
91125 79600 
90079 79030 
95088 81939 
100119 84877 
91175 79741 
84898 76122 
80008 73301 
93284 81062 
95408 82346 
88577 78377 
86129 76981 
104379 87718 
86089 76995 
83349 75418 
94402 81976 
86013 77031 
84979 76439 
87111 77746 
96980 83663 
77454 72035 
88724 78803 
83426 75663 
89760 79488 
91811 80768 
93107 81573 
87114 77999 
85340 76952 
93917 82181 
69948 67628 
96327 83755 
90526 80266 
77396 72238 
93770 82340 
94601 82886 
82025 75144 
110153 92618 
80844 74481 
90359 80426 
95816 83853 
92741 81953 
96260 84196 
91612 81309 
98867 85889 
92812 82115 
104258 89393 
79699 73930 
92247 81907 
87256 78778 
93851 83001 
81436 75122 
92753 82368 
104268 89761 
102977 89009 
91759 81855 
85225 77667 
80919 74919 
78280 73247 
86550 78626 
98932 86702 
68701 67067 
85021 77746 
94162 83785 
85784 78315 
99289 87240 
99360 87320 
95295 84697 
90407 81515 
96293 85482 
88881 80606 
88797 80590 
114946 98175 
76360 72313 
85400 78405 
102524 90007 
91364 82495 
82887 76804 
84268 77751 
80718 75364 
86685 79465 
84508 78001 
82773 76847 
91635 82955 
95061 85359 
83846 77672 
85442 78805 
83580 77558 
95643 85947 
78647 74173 
96198 86401 
81111 75916 
75992 72359 
90727 82654 
77038 73117 
89518 81862 
94852 85618 
98226 88046 
95044 85865 
81983 76683 
87777 80786 
83900 78082 
89699 82204 
86812 80202 
83230 77698 
85671 79469 
79615 75164 
90000 82620 
87206 80664 
95811 86884 
102203 91572 
78890 74770 
98818 89207 
83953 78476 
87223 80873 
93899 85769 
86530 80457 
93351 85481 
85119 79495 
81851 77110 
75857 72730 
79198 75221 
99722 90408 
93811 86087 
83500 78478 
100618 91242 
96375 88124 
84684 79432 
84038 78967 
103406 93507 
80171 76123 
85763 80359 
95436 87663 
85457 80173 
83596 78807 
80117 76203 
87305 81698 
82322 77938 
82318 77958 
83497 78870 
86961 81533 
89651 83639 
94641 87516 
91888 85452 
82909 78564 
89617 83751 
92756 86230 
85973 81033 
92125 85837 
92324 86051 
89645 84015 
83540 79292 
87004 82040 
95184 88481 
76435 73776 
90351 84760 
97381 90383 
91432 85709 
101658 93843 
102965 94915 
90040 84728 
83535 79577 
92412 86687 
85406 81126 
91295 85890 
96839 90418 
98919 92164 
91139 85923 
83361 79668 
76337 74002 
87298 82906 
94214 88567 
84558 80769 
101209 94440 
96496 90657 
105845 98389 
76380 74189 
78378 75860 
93580 88451 
89490 85092 
90575 86041 
91078 86523 
87386 83485 
82475 79440 
94070 89198 
87313 83578 
90630 86398 
87988 84216 
95961 90957 
78208 76018 
91307 87166 
80365 77907 
80686 78195 
82448 79725 
75584 73902 
79056 76902 
79177 77024 
99225 94277 
68766 68105 
98506 93771 
78506 76532 
85994 83053 
91300 87675 
84317 81671 
82278 79943 
91840 88350 
76133 74625 
79000 77174 
88635 85698 
83129 80880 
91449 88289 
100080 95996 
95156 91654 
95050 91619 
92957 89778 
91533 88530 
93829 90656 
90971 88122 
81311 79498 
86636 84329 
76605 75341 
91223 88513 
93310 90422 
89891 87363 
78035 76693 
98503 95283 
95991 93070 
89480 87175 
77077 75926 
91566 89173 
95518 92870 
88392 86386 
89152 87150 
88049 86188 
90656 88660 
89392 87543 
80912 79727 
84319 82911 
74610 73902 
82995 81743 
87450 85941 
85327 83986 
80564 79544 
91952 90294 
76498 75790 
89133 87734 
87436 86179 
95445 93811 
85126 84062 
106945 104864 
83335 82444 
89865 88751 
82422 81681 
96770 95513 
89105 88164 
87671 86816 
86095 85359 
87606 86840 
87473 86742 
86743 86085 
90525 89839 
82922 82484 
83693 83282 
85100 84702 
88190 87752 
80877 80586 
88285 87924 
85213 84933 
88133 87840 
77315 77168 
90169 89946 
85520 85356 
85281 85162 
78736 78669 
85424 85351 
80320 80281 
94577 94557 
84137 84148 
83160 83196 
92469 92556 
84998 85096 
96305 96496 
83513 83659 
94213 94525 
82414 82619 
79849 80039 
98588 99112 
83564 83888 
88410 88856 
90635 91179 
87173 87720 
76302 76630 
85013 85596 
99555 100571 
87051 87773 
96350 97447 
89488 90427 
86634 87539 
79854 80528 
88314 89382 
96289 97750 
93300 94670 
93828 95277 
96813 98460 
90674 92055 
101247 103263 
90432 91910 
100887 102990 
88856 90335 
77571 78409 
81155 82268 
92126 93981 
96613 98842 
88686 90449 
80278 81470 
88114 89962 
90444 92499 
84608 86263 
75563 76531 
84992 86775 
82072 83653 
87400 89470 
84475 86351 
79425 80883 
87989 90327 
88027 90393 
84262 86286 
90298 92980 
92545 95541 
83069 85133 
81628 83569 
89108 91946 
81299 83303 
90045 93137 
84481 86939 
76561 78111 
79725 81691 
89206 92424 
74962 76376 
78093 79941 
84664 87431 
94309 98443 
83367 86041 
87972 91346 
76799 78630 
86124 89316 
84590 87612 
87502 91034 
70386 71360 
79440 81815 
76408 78348 
95204 100133 
81291 84043 
76738 78779 
86562 90226 
79990 82633 
79691 82332 
86351 90195 
78838 81430 
93520 98768 
90448 95216 
95269 101004 
87062 91325 
78484 81193 
82982 86596 
84878 88896 
84611 88628 
83127 86884 
78852 81797 
83825 87820 
82013 85688 
84134 88300 
82461 86307 
83076 87115 
74115 76279 
91714 97729 
86327 91209 
90924 96878 
83049 87314 
83496 87907 
90947 97084 
92482 99027 
87866 93381 
98563 106672 
80584 84504 
82863 87363 
77401 80626 
99474 108065 
90768 97326 
90138 96605 
83783 88714 
88800 95017 
85252 90616 
87704 93758 
88187 94448 
84906 90375 
78951 82895 
75426 78456 
80491 84908 
77479 81124 
84990 90754 
71357 73400 
86021 92185 
71556 73689 
86517 92931 
79858 84394 
82532 87863 
80393 85175 
77758 81792 
76188 79800 
80360 85269 
86410 93193 
74131 77220 
87430 94618 
82236 87856 
87927 95401 
85920 92822 
82380 88206 
78859 83613 
74596 78025 
88084 95937 
80733 86249 
81910 87863 
88845 97180 
88427 96695 
75154 78965 
80742 86486 
71035 73472 
88101 96520 
88095 96595 
76416 80848 
84113 91369 
86628 94879 
86860 95241 
83019 90017 
78020 83199 
85037 92855 
80014 85989 
90851 100970 
86563 95151 
88991 98535 
82212 89189 
76058 80704 
81685 88529 
75593 80103 
85138 93452 
77607 82990 
80585 87199 
83902 91886 
79667 86016 
74655 78995 
76013 80933 
95900 109067 
85312 94173 
79207 85567 
87778 97766 
75819 80795 
77156 82712 
73704 77815 
80115 86999 
89754 100879 
80523 87691 
77941 84045 
84079 92955 
92460 105172 
79379 86317 
89292 100741 
92438 105371 
81522 89567 
81388 89437 
72621 76621 
85757 95889 
72023 75790 
78386 85196 
80997 89080 
87592 98887 
78670 85761 
83457 92946 
86580 97688 
74663 79941 
80903 89355 
86878 98375 
79661 87573 
80227 88503 
83208 93046 
79175 86975 
88647 101443 
73483 78435 
74970 80725 
77296 84305 
78610 86351 
88749 101923 
84221 95020 
85405 96928 
78063 85670 
85533 97213 
87337 100085 
79568 88142 
74365 80127 
79501 88199 
81332 91152 
81292 91139 
85599 98005 
89803 104688 
80404 89910 
81925 92367 
83110 94270 
77615 85632 
81300 91544 
76370 83713 
71779 76415 
94059 112064 
72871 78229 
77480 85675 
75756 82919 
74174 80399 
74072 80259 
79167 88568 
77656 86174 
74703 81414 
79648 89508 
81239 92166 
75050 82113 
78453 87770 
84639 98022 
78583 88076 
91704 109871 
86863 101955 
89579 106584 
72710 78513 
81461 93199 
76741 85377 
73228 79514 
81498 93516 
86398 101846 
81583 93741 
81717 94020 
79218 89811 
81725 94135 
71070 76045 
76582 85515 
78834 89416 
82735 96189 
71342 76651 
81181 93692 
77283 87021 
79060 90155 
80430 92565 
75763 84500 
79964 91896 
81595 94816 
84701 100363 
80725 93428 
81376 94620 
76332 85808 
78558 89800 
80660 93570 
82640 97162 
81109 94496 
79148 91040 
71860 78050 
82100 96433 
82644 97443 
81846 96099 
80885 94422 
83815 99832 
86005 103850 
79639 92410 
74298 82762 
84778 101911 
80711 94561 
75736 85537 
80110 93671 
75293 84863 
89077 110493 
76516 87255 
74591 83710 
89337 111256 
81220 96190 
77047 88436 
78706 91623 
78142 90618 
80158 94450 
84036 101849 
73426 81846 
81303 96891 
84795 103581 
69354 74206 
82271 98942 
76390 87723 
78734 92273 
76310 87666 
75512 86203 
87327 109106 
81313 97594 
79184 93507 
72375 80290 
82826 100722 
76325 88109 
78936 93313 
78790 93081 
83845 103172 
73782 83377 
84623 104918 
82390 100543 
78182 92246 
75459 86885 
74562 85170 
82871 101909 
81866 100020 
73321 82808 
83179 102764 
79893 96202 
72697 81666 
78001 92539 
78441 93475 
85089 107125 
74461 85441 
82295 101543 
74292 85142 
81156 99379 
75931 88645 
78742 94530 
74423 85612 
77086 91236 
85265 108356 
76069 89245 
75952 89060 
75180 87509 
80352 98437 
77247 91976 
74794 86821 
75169 87654 
76776 91112 
78138 94105 
77469 92746 
81005 100344 
73061 83424 
80092 98569 
72112 81446 
84130 107485 
81536 101934 
75317 88574 
78005 94524 
80909 100927 
79100 97092 
73761 85442 
73351 84602 
77494 93836 
82197 104399 
71325 80290 
75735 90148 
79413 98402 
71731 81276 
83220 107093 
72876 83918 
73164 84646 
71257 80372 
81041 102589 
84944 111482 
77359 94318 
81375 103514 
70914 79750 
75014 89149 
75876 91151 
78238 96659 
77384 94739 
72202 82883 
81175 103640 
77752 95817 
77781 95953 
77698 95843 
74704 88931 
80510 102577 
79153 99456 
79046 99287 
73783 86970 
76064 92434 
73969 87536 
77148 95167 
74494 88945 
77130 95289 
64219 64511 
77006 95127 
74433 89019 
73214 86144 
75553 91854 
76655 94646 
77741 97372 
75887 92991 
81544 106918 
73430 87101 
71157 81572 
72140 84023 
75511 92434 
70306 79628 
78145 99234 
72798 85960 
71102 81753 
70770 80943 
70620 80615 
74087 89356 
70780 81098 
76421 95461 
77234 97599 
77899 99409 
74369 90453 
77621 98833 
74578 91108 
73359 88058 
71318 82850 
76950 97434 
74432 91053 
74719 91858 
80126 106055 
73918 89935 
71760 84372 
76481 96889 
72964 87693 
79391 104790 
75666 95050 
79025 104169 
74393 91866 
75785 95650 
80865 109442 
77637 100852 
70544 81722 
76123 96949 
77962 102070 
74652 93110 
79880 107508 
76499 98397 
72338 87026 
76635 99065 
78295 103804 
76928 100147 
71387 84699 
73905 91860 
69545 79638 
78760 105849 
75196 95784 
73570 91206 
81280 113223 
73239 90365 
70231 81825 
71271 84835 
77517 102889 
72360 88098 
70274 82154 
76683 100844 
79313 108650 
77253 102839 
76096 99604 
74929 96322 
74419 94866 
72917 90479 
80395 112912 
72604 89751 
70248 82773 
66294 70896 
76587 102071 
74919 97149 
72801 90825 
81454 117299 
74473 96048 
70404 83673 
75838 100561 
72077 89056 
69224 80233 
80102 114352 
74629 97335 
72605 91074 
70619 84909 
75574 100660 
76567 104026 
74966 99032 
71999 89676 
74409 97545 
73781 95631 
68024 77047 
77410 107693 
69768 82837 
74092 97058 
75560 101977 
74477 98541 
74020 97195 
75700 102945 
72770 93343 
76515 106056 
72116 91337 
72420 92419 
71152 88250 
72990 94566 
67641 76404 
70499 86273 
72413 92927 
78148 112883 
71571 90252 
73132 95786 
73644 97640 
75813 105296 
74142 99619 
70186 85787 
69919 84960 
72299 93529 
68675 80669 
73118 96711 
72868 95902 
72129 93317 
67070 75087 
75444 105622 
78067 115477 
70664 88450 
75342 105703 
73486 99074 
74647 103491 
68001 78857 
71278 91125 
74253 102401 
71428 91881 
70635 88996 
73956 101663 
77386 114908 
71568 92877 
73506 100475 
76208 111104 
71831 94300 
71603 93497 
72295 96274 
71762 94341 
69659 86244 
73648 102042 
70130 88223 
74251 104759 
68430 81690 
72297 97321 
69189 84902 
72396 97967 
70527 90566 
67151 76852 
68365 81883 
73259 102226 
75880 113283 
73221 102498 
69167 85628 
72496 99712 
69276 86233 
70448 91340 
74623 109231 
71404 95641 
71830 97665 
68622 83946 
72350 100154 
69867 89460 
70755 93374 
69544 88266 
69426 87871 
70478 92707 
72121 100236 
67909 81497 
68913 86128 
72771 103821 
69636 89699 
70147 92155 
71228 97185 
69193 87975 
66720 76631 
72314 102822 
70730 95561 
67493 80417 
70850 96418 
70053 92733 
70720 95972 
71453 99726 
69069 88375 
68198 84250 
70874 97437 
69737 92015 
69190 89457 
73290 109941 
72169 104637 
70212 95039 
68885 88574 
71055 99640 
66087 74591 
71505 102369 
71358 101788 
69050 89974 
70888 99740 
69420 92249 
72176 106748 
71712 104547 
65431 71552 
71186 102301 
71141 102235 
69026 91066 
69825 95643 
71676 106024 
68618 89347 
70446 99688 
72575 111657 
71850 107841 
70524 100729 
71811 108203 
71408 106139 
66863 80330 
71295 105909 
70287 100406 
68892 92542 
68781 92142 
70036 99842 
67593 85372 
68532 91097 
69404 96410 
68966 93916 
68288 89961 
66494 79162 
68346 90613 
67506 85536 
70195 102448 
70970 107611 
69905 101068 
71618 112218 
68168 90535 
68508 92934 
67606 87219 
69217 97882 
67111 84298 
67744 88618 
67036 84136 
71360 113067 
69280 99450 
68996 97859 
69134 98903 
69860 103964 
68513 95009 
68066 92042 
69176 99977 
68637 96360 
66550 81845 
70654 110896 
67078 85812 
68370 95312 
68213 94325 
69794 106154 
69812 106580 
68445 96914 
69749 107014 
66464 82604 
69046 102544 
68582 99206 
66743 85183 
67988 95043 
66810 85984 
67191 89184 
68035 96003 
68411 99171 
66688 85637 
66565 84837 
66159 81619 
67397 91905 
66661 86070 
66289 83209 
68755 104457 
66556 85992 
68657 104603 
67090 91270 
65365 76116 
68391 103389 
67550 96102 
67540 96415 
67498 96480 
66009 82777 
67645 98390 
67533 97534 
68313 105376 
67462 97350 
66559 88823 
67759 101014 
67978 103446 
67362 97455 
66990 94049 
68296 107753 
67961 104677 
68775 113519 
66575 90905 
65509 79953 
67085 97037 
67375 100579 
67126 98225 
67238 99855 
66738 94790 
66340 90593 
66295 90527 
67028 99603 
66552 94372 
66782 97621 
66215 91014 
66382 93593 
66749 98353 
65972 88904 
66693 98487 
66601 97906 
67392 108847 
65956 90365 
64924 76586 
66503 98665 
66105 93647 
66225 95567 
65313 82738 
66282 97280 
67273 112732 
65454 85855 
65095 80653 
65802 92037 
65730 91566 
65945 95350 
66514 104892 
65610 90783 
65774 94104 
65072 82471 
65131 83808 
66482 108537 
65677 94773 
64809 79166 
65087 84786 
66395 110945 
65136 86364 
64760 79309 
65526 95433 
65219 89485 
65401 94107 
65248 91267 
65080 87960 
65663 101955 
65166 91235 
65855 108504 
65900 110866 
65782 109319 
64946 88546 
65842 113394 
64357 73575 
64739 84905 
65260 101186 
64701 85125 
64694 85179 
65179 101588 
65032 98474 
64932 95654 
64785 91706 
64871 95697 
64918 98665 
64651 89457 
64671 91010 
64696 92836 
64783 97341 
64659 93244 
64989 109502 
64622 94526 
64536 91163 
64360 83301 
64353 84440 
64422 90825 
64725 114920 
64450 98605 
64048 67322 
64251 87617 
64305 95178 
64281 97894 
64278 105727 
64136 88617 
64142 97072 
64060 83666 
64050 83812 
64057 93645 
64017 88715 
63982 95191 
63958 95477 
63931 91024 
63823 107300 
63835 96190 
63746 105950 
63764 95655 
63681 101639 
63717 93614 
63849 79334 
63754 86540 
63651 92887 
63606 95430 
63690 86644 
63452 101224 
63654 86203 
63725 80671 
63260 106601 
63585 87566 
63278 102195 
63466 90568 
63511 86818 
63428 89031 
62952 107552 
63055 102624 
63216 95386 
63190 94944 
62647 114498 
63280 89643 
63266 88987 
62937 98347 
63129 91576 
62927 96532 
62424 109928 
63102 89976 
63008 91937 
62745 98352 
63006 90600 
63112 87186 
62810 93882 
62932 90440 
62715 94882 
62157 107409 
62310 103338 
62320 102649 
62131 106322 
62347 100315 
63121 82836 
62813 89065 
63179 80899 
62490 94425 
62667 90652 
61885 105713 
62994 83624 
62742 88024 
63432 74774 
61682 106485 
62184 96423 
61848 101478 
63098 79541 
62032 97188 
62220 93509 
61340 107598 
60814 115586 
61522 103685 
61887 97461 
61355 105196 
61706 99443 
61644 99702 
62202 91049 
61822 96307 
62882 80354 
62008 92697 
60745 110072 
62371 86776 
63366 72801 
61264 100891 
62204 87993 
61605 95575 
62555 82971 
60499 108905 
61512 95715 
61598 94388 
61260 98142 
61936 89408 
61699 92107 
61237 97444 
62349 83926 
61404 94728 
61462 93538 
62167 85011 
60451 104172 
59396 115788 
60296 105054 
60037 107206 
60861 97824 
60847 97686 
62118 83861 
61270 92359 
59564 109641 
61640 88119 
60815 96033 
59081 112848 
59483 108645 
60738 96047 
59931 103350 
59826 104200 
59800 103953 
60289 98996 
59632 104884 
59820 102847 
60265 98371 
60785 93358 
59261 106927 
61104 89908 
60712 93178 
58737 110203 
62942 73284 
60483 94307 
58578 110454 
61494 85361 
60144 96611 
62529 76429 
60882 89988 
60424 93512 
59650 99631 
59910 97123 
60039 95831 
62234 78128 
59175 102105 
59530 99174 
60693 89926 
62661 74431 
59476 98638 
57974 109806 
59816 95520 
58311 106350 
58792 102498 
58875 101718 
57681 110161 
59803 94460 
61722 80405 
60721 87470 
58748 101278 
59928 92639 
59008 98733 
59664 93995 
58871 99269 
58428 102164 
60043 90951 
59308 95688 
61964 77653 
59569 93467 
58400 101032 
58235 101984 
60717 85600 
59265 94877 
61921 77506 
56768 110587 
58151 101499 
55464 118416 
59656 91617 
60097 88635 
61734 78225 
61385 80352 
57733 102807 
60534 85351 
56881 107564 
57517 103432 
57454 103500 
59435 91427 
57235 104290 
56910 106000 
57650 101326 
55486 113825 
56313 108867 
57039 104353 
58450 96025 
61674 77410 
57077 103481 
58787 93498 
57246 101872 
59311 90231 
58923 92150 
59065 91299 
55938 108255 
57457 99687 
60617 82372 
54471 115421 
60049 85235 
59266 89239 
57359 99127 
56699 102455 
55600 108135 
59673 86621 
56734 101714 
57464 97822 
58602 91712 
60365 82543 
57341 97721 
58758 90356 
57765 95105 
58646 90556 
58412 91522 
57037 98028 
54813 108742 
58686 89792 
60006 83307 
57131 96976 
57825 93432 
56452 99744 
56356 99947 
60107 82235 
57227 95586 
59451 85161 
60344 80911 
59732 83608 
58740 87995 
56599 97547 
57773 92176 
59700 83430 
60568 79467 
57651 92409 
60408 80055 
58525 88274 
55786 100243 
56099 98664 
56832 95246 
58809 86543 
54481 105191 
57118 93705 
58100 89426 
57927 90023 
54068 106434 
55604 99683 
55676 99270 
54236 105135 
53600 107600 
52773 110824 
56902 93555 
59748 81611 
59781 81440 
55474 99032 
56085 96395 
54457 102875 
58195 87547 
62367 70635 
54212 103357 
60509 77991 
55530 97754 
55561 97481 
59151 83178 
59286 82568 
60249 78715 
54824 99765 
58045 87179 
52974 106788 
54949 99032 
55323 97494 
56804 91619 
54868 98878 
56444 92753 
51774 110372 
54622 99377 
56188 93336 
56224 93143 
53182 104449 
53703 102318 
56384 92309 
56266 92636 
52409 106799 
56976 89885 
59058 82174 
58723 83355 
56114 92849 
53853 101008 
51996 107652 
51759 108278 
56195 92194 
53297 102420 
50399 112635 
56619 90373 
53454 101469 
57459 87120 
59783 78853 
55503 93781 
53521 100588 
53690 99892 
57842 85368 
54196 97917 
51636 106659 
53687 99396 
57166 87398 
53210 100839 
54556 96186 
49749 112432 
52125 104263 
58567 82380 
56527 89201 
50414 109702 
57353 86328 
53538 99014 
55145 93475 
52593 101751 
54597 94962 
47598 117862 
57891 83990 
48425 114806 
56454 88573 
52788 100335 
49131 112049 
51662 103724 
54684 93944 
52474 100979 
53786 96677 
55623 90758 
56765 87026 
55250 91743 
56717 86988 
55170 91735 
53801 95908 
54205 94520 
52049 101136 
53421 96813 
52337 99982 
50718 104863 
52070 100522 
54876 91838 
54615 92564 
55137 90867 
51170 102750 
56636 86192 
51144 102572 
49438 107556 
57982 81982 
54875 91115 
51587 100779 
57902 82040 
52967 96465 
53498 94832 
49027 107779 
55068 90031 
47952 110531 
55371 88975 
52455 97278 
57299 83270 
49588 105218 
52452 96988 
52342 97182 
58712 79012 
50670 101615 
55291 88545 
54146 91720 
48053 108658 
53127 94327 
53918 92037 
55065 88780 
49596 103875 
53272 93637 
52240 96384 
51196 99139 
56800 83689 
54462 89950 
56069 85519 
51607 97511 
49274 103728 
49600 102704 
52389 95102 
53897 90966 
51540 97137 
60217 74048 
54631 88776 
55301 86953 
49694 101662 
56707 83165 
53003 92842 
51172 97492 
55006 87429 
49705 101115 
52839 92867 
55262 86568 
52168 94412 
53145 91835 
53811 90046 
49730 100309 
55967 84410 
55646 85169 
58326 78368 
53517 90478 
51288 96021 
52732 92303 
59071 76348 
54182 88460 
48325 102863 
54752 86841 
52693 91855 
55194 85672 
50679 96627 
55083 85755 
47286 104616 
52605 91655 
46259 106978 
55932 83485 
48493 101258 
50886 95465 
54346 87113 
55077 85279 
48328 101270 
56404 82018 
43133 113274 
49780 97515 
51695 92926 
49642 97606 
48941 99123 
51259 93669 
50334 95755 
54499 86005 
56089 82270 
60460 72173 
52417 90629 
51248 93204 
54469 85785 
45515 106167 
52964 89158 
58026 77615 
56325 81420 
49799 96149 
47545 101166 
49018 97733 
49890 95670 
47857 100077 
49379 96635 
48183 99188 
54624 84844 
55174 83558 
50611 93592 
46308 103031 
63180 65834 
58605 75879 
50746 93074 
48316 98277 
50993 92336 
44815 105723 
53727 86311 
54574 84452 
49369 95677 
42713 110026 
48430 97540 
49208 95827 
47308 99804 
45579 103354 
49758 94318 
45874 102480 
48716 96418 
55257 82499 
50815 91814 
48456 96660 
53587 85818 
55686 81369 
42638 108407 
49917 93234 
52088 88655 
46642 99789 
53095 86468 
52476 87662 
51525 89535 
55800 80772 
42407 108004 
50503 91460 
51787 88818 
50601 91141 
49485 93295 
45263 101676 
42662 106849 
43487 105117 
48042 95883 
43058 105700 
48227 95303 
52649 86463 
51602 88450 
53832 84003 
44525 102238 
50566 90300 
45937 99287 
56358 78917 
54023 83402 
45297 100270 
48638 93734 
49982 91085 
55847 79739 
50895 89223 
49081 92664 
49550 91724 
45249 99860 
49227 92176 
54881 81347 
50962 88767 
59455 72631 
47773 94711 
49070 92185 
42628 104294 
43281 102926 
45813 98076 
52501 85518 
45238 99013 
44444 100454 
43338 102389 
45571 98133 
51246 87592 
47294 94787 
49985 89781 
42009 104390 
53524 83217 
46837 95396 
58649 73774 
49622 90154 
50263 88934 
47415 94014 
46450 95699 
43042 101745 
46528 95415 
37889 110834 
54505 81014 
47463 93543 
43206 101071 
50834 87423 
51864 85536 
52785 83868 
41177 104309 
44291 98729 
47417 93155 
42969 100854 
50320 87953 
51279 86249 
46218 95018 
44178 98519 
45398 96295 
49368 89319 
50570 87160 
44038 98359 
43067 99980 
42594 100719 
45591 95504 
51243 85764 
46321 94117 
49893 87967 
46615 93502 
38843 106608 
45894 94639 
48301 90501 
33507 115266 
46773 92927 
56421 76699 
51586 84732 
41627 101302 
42206 100209 
48252 90121 
43747 97509 
49336 88199 
51116 85215 
48487 89478 
57972 73898 
38103 106367 
48751 88904 
41642 100459 
52173 83255 
51736 83934 
50826 85343 
47104 91317 
45913 93157 
40439 101870 
44627 95108 
46395 92231 
37607 106264 
55579 77456 
46670 91576 
46576 91662 
51846 83282 
49552 86859 
34559 110446 
39130 103172 
44338 94880 
48266 88667 
34952 109373 
42408 97673 
43633 95656 
44939 93559 
43271 96049 
42374 97389 
50391 84972 
42491 97104 
50557 84636 
46514 90786 
54744 78157 
49288 86410 
42776 96245 
55942 76236 
33360 110344 
48749 87009 
50575 84206 
48302 87561 
53858 79179 
39143 101131 
48468 87180 
47167 89069 
52147 81636 
43548 94358 
37920 102595 
51704 82186 
43865 93704 
32029 111084 
48899 86231 
49279 85632 
39820 99396 
47907 87511 
39660 99429 
38477 101036 
45046 91433 
41137 97006 
46326 89480 
47585 87642 
44707 91732 
42046 95508 
41231 96578 
60645 68816 
48123 86655 
38434 100366 
41916 95337 
49318 84796 
48128 86443 
47711 86981 
49856 83904 
45064 90601 
43164 93200 
43309 92971 
57658 72867 
40635 96551 
51151 81872 
51267 81695 
40404 96730 
39090 98490 
43600 92160 
51249 81558 
50160 83026 
48837 84800 
44495 90692 
43933 91415 
46822 87409 
46564 87715 
51742 80626 
45710 88721 
40341 95905 
38823 97851 
39625 96669 
46847 86959 
59640 69839 
48157 85118 
47246 86288 
38950 97209 
43908 90616 
47959 85203 
44116 90256 
32648 105314 
51792 80064 
48357 84529 
43725 90543 
42218 92423 
48025 84827 
42990 91307 
29775 108384 
38143 97499 
43967 89915 
45181 88319 
41482 93047 
49054 83235 
46132 86923 
43371 90400 
46014 86977 
43138 90589 
49988 81847 
42142 91776 
47925 84386 
48968 83005 
50010 81673 
49578 82186 
46798 85662 
48026 84060 
45328 87393 
50274 81170 
40065 93897 
42886 90313 
40685 92969 
40299 93387 
45897 86420 
48398 83268 
35066 99633 
34610 100163 
45760 86428 
42450 90418 
49725 81476 
47283 84411 
35293 98934 
42451 90158 
54292 75765 
50830 79916 
38979 94124 
32418 101907 
56496 72996 
49864 80901 
37943 95100 
48577 82400 
36345 96908 
43165 88761 
28515 106059 
39753 92683 
36732 96189 
59426 69406 
42010 89881 
43124 88506 
38151 94251 
47205 83637 
55995 73354 
33636 99341 
35838 96698 
32611 100381 
58973 69827 
52159 77658 
47136 83418 
43816 87194 
45391 85343 
35717 96359 
40390 90935 
50028 79905 
34381 97664 
45882 84580 
33512 98555 
48459 81584 
61690 66624 
38929 92224 
37788 93454 
37690 93528 
51622 77865 
47256 82732 
42069 88501 
50033 79583 
43036 87306 
28661 103200 
40855 89605 
30476 101045 
48966 80578 
56516 72241 
53414 75614 
43638 86276 
50739 78476 
39719 90435 
44718 84977 
35959 94470 
50213 78946 
34624 95748 
34307 96032 
34171 96099 
39019 90831 
43619 85836 
44548 84803 
37523 92278 
47593 81480 
50513 78338 
40344 89083 
43429 85773 
43849 85285 
38832 90497 
59059 69209 
32176 97395 
49898 78782 
34406 94930 
42369 86575 
37068 92024 
33025 96190 
51908 76564 
36552 92452 
40825 87991 
32929 96123 
41849 86858 
41812 86856 
54555 73713 
40114 88478 
32761 95909 
50966 77290 
34107 94412 
45393 82881 
47405 80819 
34919 93387 
52475 75626 
46048 82043 
42510 85529 
42005 85998 
24898 102971 
45893 82027 
35934 91870 
40378 87435 
38407 89364 
42256 85505 
24670 102808 
34151 93404 
50230 77564 
36335 91168 
43930 83666 
47948 79701 
38125 89245 
36415 90870 
46114 81410 
38027 89207 
28209 98689 
36922 90223 
36118 90979 
34363 92637 
52768 74835 
37202 89781 
48315 79056 
42626 84480 
48394 78933 
42383 84625 
24744 101364 
36720 89915 
48651 78574 
48688 78514 
41940 84858 
55882 71669 
36586 89797 
41513 85133 
53734 73641 
32190 93775 
42144 84429 
37156 89047 
45343 81368 
38797 87393 
42189 84226 
53495 73722 
40393 85800 
28952 96267 
45433 81056 
34674 90851 
34020 91389 
47536 79037 
44853 81438 
33055 92126 
58327 69155 
48365 78138 
32184 92704 
33128 91775 
46639 79579 
43982 81926 
46768 79392 
47107 79053 
41754 83757 
47880 78281 
43217 82383 
49593 76709 
40016 85100 
29974 93864 
35313 89155 
40796 84316 
35505 88915 
43019 82302 
34566 89599 
39948 84896 
41848 83198 
35598 88559 
39071 85533 
47432 78305 
39587 85043 
32750 90849 
29034 94001 
36749 87344 
49055 76795 
32756 90705 
37278 86818 
39691 84714 
39172 85098 
48062 77522 
43299 81522 
40665 83710 
42280 82329 
35025 88396 
36437 87182 
32357 90567 
52356 73769 
48691 76815 
29692 92616 
35691 87583 
29363 92803 
31117 91281 
48351 76968 
50488 75190 
39310 84391 
23236 97607 
29507 92399 
60115 67209 
41324 82602 
46601 78246 
48464 76710 
30389 91446 
41594 82263 
22680 97572 
34299 88095 
51003 74529 
36545 86203 
35472 87015 
36156 86420 
29779 91463 
35478 86836 
49936 75258 
35750 86573 
36191 86155 
36783 85637 
37343 85144 
43143 80508 
52777 72878 
20853 97981 
42216 81147 
37790 84579 
46855 77442 
33147 88139 
28930 91412 
45341 78576 
44656 79094 
36161 85686 
25107 94265 
34890 86602 
26322 93221 
45403 78407 
33558 87550 
30804 89619 
47342 76825 
25929 93242 
40517 82024 
39669 82615 
31394 88910 
26064 92945 
38035 83763 
39464 82623 
45002 78385 
42954 79911 
44738 78537 
47365 76540 
49067 75232 
42215 80353 
38085 83389 
44612 78464 
39190 82464 
38258 83104 
32345 87463 
43584 79125 
49408 74789 
44312 78531 
27727 90715 
44623 78265 
38549 82704 
41697 80354 
41363 80582 
33421 86370 
31712 87554 
51970 72775 
26326 91383 
25937 91581 
46292 76815 
48454 75228 
44133 78327 
43811 78513 
45038 77615 
41694 79993 
25914 91234 
46873 76243 
32299 86625 
40766 80561 
31931 86785 
30774 87575 
31731 86858 
39397 81391 
44615 77687 
46179 76548 
49895 73915 
45896 76681 
45346 77023 
53361 71424 
42828 78726 
34978 84120 
41536 79529 
48346 74799 
39624 80759 
32584 85551 
42983 78393 
35929 83181 
25484 90224 
24739 90682 
51816 72270 
36040 82908 
34427 83973 
40130 80103 
53419 71132 
41710 78979 
36429 82498 
40545 79691 
54189 70558 
46079 75930 
44184 77158 
31037 85841 
35627 82742 
29375 86836 
46496 75518 
47181 75057 
27068 88208 
41818 78521 
33488 83917 
32446 84573 
47233 74922 
40352 79359 
23315 90337 
29062 86547 
45757 75769 
32507 84285 
32352 84343 
30731 85336 
38947 80021 
38005 80594 
47400 74587 
38724 80058 
37880 80556 
36505 81412 
34637 82575 
42671 77459 
61347 65683 
40272 78900 
40451 78759 
33665 82976 
38766 79734 
22035 90121 
28433 86101 
41318 78081 
26899 86955 
52165 71311 
36132 81176 
28954 85525 
47219 74282 
58876 67142 
40996 78034 
34801 81760 
46217 74809 
46096 74862 
38128 79675 
42177 77198 
32036 83278 
32937 82716 
31430 83572 
46409 74555 
28699 85127 
47555 73822 
33701 82041 
36802 80150 
24216 87568 
25124 86996 
26953 85868 
44466 75514 
35685 80628 
32386 82508 
34571 81194 
43953 75681 
41439 77102 
38160 78953 
33237 81759 
36074 80082 
37691 79119 
27759 84772 
26142 85642 
34461 80844 
31766 82319 
45185 74687 
38687 78344 
25666 85686 
25067 86001 
23823 86639 
34022 80839 
36503 79425 
46649 73713 
44964 74617 
33645 80901 
48993 72350 
32337 81570 
49656 71948 
37279 78745 
43044 75554 
37321 78662 
22797 86575 
37465 78506 
29358 82892 
31185 81875 
30011 82496 
26183 84530 
24868 85213 
31148 81791 
58842 66802 
27352 83788 
26509 84175 
39763 77035 
45980 73666 
43855 74779 
32538 80769 
22979 85793 
48944 71981 
45426 73829 
44021 74555 
36317 78583 
34662 79432 
40523 76311 
31513 80972 
33468 79901 
28904 82256 
36119 78462 
42058 75361 
40558 76090 
30624 81157 
25213 83864 
26715 83031 
22714 85050 
20527 86118 
23962 84308 
49184 71517 
27516 82468 
37744 77278 
40362 75933 
25683 83286 
39454 76336 
6796 92691 
42045 74984 
34358 78769 
35280 78255 
27453 82095 
35069 78307 
41905 74894 
38009 76776 
38667 76413 
16210 87355 
22312 84325 
28460 81289 
46234 72639 
31143 79942 
30303 80326 
45058 73170 
37524 76798 
29888 80438 
43843 73694 
37168 76850 
20686 84710 
39638 75635 
45424 72855 
34791 77885 
30301 80000 
32095 79088 
40217 75229 
28183 80876 
41357 74646 
29397 80217 
39349 75538 
44376 73163 
24686 82285 
26993 81176 
26450 81368 
32764 78421 
41836 74207 
36368 76709 
26399 81220 
41374 74334 
43319 73420 
36020 76691 
26365 81000 
39940 74855 
32586 78151 
19913 83795 
45639 72226 
34772 77043 
37706 75722 
48164 71039 
53622 68603 
31066 78528 
28107 79777 
23744 81648 
42667 73321 
22247 82210 
42668 73272 
36489 75940 
30659 78437 
38811 74898 
16547 84481 
46634 71474 
39222 74640 
53313 68577 
19188 83077 
36919 75486 
42089 73284 
18995 83027 
31429 77719 
38633 74669 
29048 78677 
35319 76005 
17219 83536 
27665 79145 
26122 79758 
45871 71533 
22451 81202 
41693 73227 
39068 74274 
44286 72110 
32663 76840 
27040 79092 
47953 70547 
26269 79331 
29436 78004 
37844 74578 
40275 73563 
29366 77914 
20996 81215 
27537 78575 
24865 79596 
36636 74863 
30990 77081 
28359 78067 
48791 69994 
25598 79047 
27777 78134 
50284 69342 
36325 74724 
24756 79157 
21557 80325 
49715 69485 
42872 72093 
27033 78105 
27891 77759 
26620 78221 
30762 76629 
30959 76508 
30234 76763 
38096 73774 
46283 70676 
21660 79886 
27359 77712 
29079 77028 
19368 80574 
36994 74005 
39768 72945 
30713 76248 
49845 69197 
39377 72997 
34064 74883 
40835 72408 
22913 78840 
24649 78187 
29763 76317 
42310 71778 
41429 72075 
25463 77748 
37884 73298 
35323 74188 
35146 74213 
24568 77912 
47758 69717 
19145 79700 
29473 76053 
39137 72642 
32604 74874 
37845 73035 
37137 73235 
37858 72970 
34926 73925 
16093 80278 
17920 79592 
34638 73889 
40031 72054 
24290 77278 
44879 70390 
39077 72304 
9483 82124 
36039 73281 
41783 71348 
43238 70857 
34096 73820 
29518 75290 
38669 72259 
29852 75081 
39933 71784 
31496 74462 
26889 75911 
12879 80371 
35827 72996 
30815 74552 
41442 71144 
38536 72036 
30118 74635 
35350 72945 
33604 73472 
23939 76420 
30276 74431 
27329 75310 
18829 77889 
47438 69080 
30690 74163 
21017 77076 
17796 78022 
40508 71113 
32285 73560 
13463 79191 
27979 74781 
32722 73332 
35341 72524 
20706 76847 
36001 72281 
25405 75365 
30153 73915 
30848 73696 
45599 69375 
35092 72411 
20439 76616 
40619 70749 
35760 72104 
36719 71800 
36193 71906 
17772 77112 
8135 79798 
28781 73948 
38998 71038 
52105 67338 
27458 74168 
26756 74307 
33865 72300 
35158 71900 
34373 72065 
27968 73751 
30927 72913 
50040 67747 
45315 68982 
26062 74047 
18892 75893 
30553 72798 
37966 70833 
25488 74085 
27118 73639 
36324 71208 
46089 68640 
34300 71673 
22466 74699 
30697 72531 
32464 72057 
33567 71745 
29065 72847 
30322 72491 
39308 70216 
35675 71083 
45650 68566 
40714 69775 
4239 78767 
32851 71659 
40396 69792 
42632 69210 
37490 70441 
35980 70790 
34303 71161 
47999 67845 
22731 73871 
34160 71115 
33821 71172 
20469 74278 
40147 69605 
35122 70745 
23755 73369 
33939 70967 
50492 67119 
39895 69523 
38259 69885 
22919 73326 
40705 69259 
33795 70768 
33992 70684 
24403 72764 
40588 69162 
26267 72295 
25889 72320 
20571 73457 
38010 69652 
31901 70925 
29423 71411 
35113 70164 
47243 67559 
39529 69172 
34120 70299 
33869 70317 
30462 70988 
21762 72748 
38924 69172 
39104 69108 
21151 72718 
45409 67781 
27589 71374 
28150 71246 
25199 71801 
20685 72655 
42543 68275 
44806 67812 
30585 70594 
28740 70941 
44439 67831 
27336 71142 
28497 70879 
22189 72070 
44946 67671 
41264 68358 
27684 70921 
39617 68620 
46034 67397 
27027 70925 
24839 71292 
33861 69587 
38904 68631 
6306 74579 
19785 72058 
18101 72315 
32476 69679 
37885 68672 
25267 70875 
15627 72549 
22885 71215 
32711 69466 
31698 69593 
32086 69510 
23104 71016 
30703 69688 
23222 70922 
29539 69796 
39008 68172 
18739 71484 
30872 69458 
31703 69301 
42108 67583 
31824 69212 
25693 70176 
41143 67678 
44881 67070 
28727 69627 
28012 69696 
27767 69715 
37936 68095 
31852 69015 
22684 70398 
44194 67061 
23830 70159 
39178 67799 
32952 68720 
30438 69083 
38680 67803 
38757 67774 
47038 66528 
18872 70634 
19813 70477 
16033 70984 
42287 67140 
11993 71442 
38896 67581 
28317 69065 
27982 69083 
16583 70636 
23260 69645 
38297 67538 
