1600 
17757 13302 
19070 11306 
19543 10635 
19266 11103 
18120 12859 
20016 10073 
20002 10143 
17713 13522 
23196 5607 
22354 6908 
18766 12079 
16521 15288 
22288 7205 
18555 12469 
18749 12229 
16649 15132 
23301 6069 
18344 12857 
20612 9846 
23940 5477 
24726 4513 
20083 10680 
20577 10084 
19915 10976 
24111 5668 
22344 7998 
23353 6807 
21869 8742 
25119 4804 
22376 8241 
22142 8585 
19748 11526 
17131 14677 
20199 11081 
24222 6437 
22039 9027 
21924 9216 
22937 8121 
20031 11473 
19537 12054 
21251 10169 
20775 10745 
25684 5388 
18950 12799 
24705 6598 
22043 9534 
20747 10964 
20851 10907 
22099 9643 
19843 12032 
24214 7583 
22697 9185 
18237 13752 
21625 10371 
26286 5780 
22753 9361 
20096 12012 
24557 7727 
21818 10429 
18248 13877 
18701 13468 
17026 15056 
23299 9240 
17888 14277 
22839 9756 
22648 9983 
23068 9666 
21784 10862 
21417 11229 
24006 9001 
21227 11463 
20966 11726 
19133 13330 
23176 9898 
22353 10650 
23422 9787 
25014 8513 
22960 10271 
22848 10416 
26984 7090 
24903 8848 
18409 14096 
20548 12426 
23645 10025 
25708 8458 
20405 12608 
26702 7787 
27189 7499 
21773 11657 
26479 8159 
23374 10529 
23908 10179 
26033 8665 
28286 7068 
22549 11283 
22271 11530 
21569 12073 
20989 12522 
26824 8513 
20799 12726 
22184 11810 
22523 11613 
27867 8078 
20381 13108 
20058 13346 
21933 12146 
19762 13579 
23933 10926 
16777 15522 
18816 14238 
21658 12474 
19461 13863 
22342 12114 
22171 12256 
17698 14988 
23169 11725 
26084 10022 
21582 12724 
19248 14119 
25928 10259 
22219 12451 
28596 8850 
26615 10027 
26083 10383 
22059 12654 
18460 14664 
23619 11874 
25171 11081 
26559 10385 
24020 11772 
26494 10504 
26749 10428 
28713 9464 
24269 11786 
21500 13237 
21900 13058 
24880 11613 
22023 13063 
23838 12204 
23560 12366 
21223 13521 
25797 11378 
27224 10755 
20823 13773 
23463 12571 
24180 12270 
21146 13677 
18118 15060 
19173 14603 
22338 13218 
21542 13602 
25697 11833 
26332 11599 
25543 11982 
27243 11313 
21988 13533 
23659 12885 
23831 12854 
21811 13691 
20691 14160 
20215 14365 
24297 12807 
24090 12929 
20139 14457 
26899 11963 
31033 10504 
22082 13812 
19786 14663 
23557 13351 
23124 13536 
29055 11517 
19603 14783 
22817 13724 
22941 13709 
27051 12405 
21202 14336 
22944 13799 
20939 14453 
22705 13930 
26534 12778 
24876 13316 
21932 14229 
28447 12322 
26129 13058 
22494 14141 
27582 12724 
22084 14305 
30167 12109 
20690 14741 
22066 14392 
24904 13669 
25653 13502 
30331 12354 
24963 13762 
22843 14320 
22906 14329 
26444 13522 
19232 15251 
26107 13664 
22346 14556 
19938 15121 
24842 14042 
23725 14321 
24650 14144 
24954 14123 
25586 14036 
24207 14354 
20372 15149 
23628 14533 
21280 15004 
25268 14293 
27421 13943 
19495 15393 
26051 14271 
22046 14983 
18273 15635 
27661 14129 
22854 14934 
23955 14798 
26959 14386 
21775 15177 
17639 15782 
23508 14989 
31218 13985 
25388 14795 
23352 15094 
16940 15897 
19609 15585 
24613 15033 
23111 15228 
26583 14886 
23923 15204 
25192 15114 
25523 15122 
22994 15384 
24333 15287 
19101 15757 
21750 15566 
22006 15568 
30048 15019 
21654 15632 
24300 15495 
20127 15769 
20503 15760 
23836 15599 
25573 15537 
21368 15760 
24790 15642 
23740 15725 
26265 15667 
25917 15711 
26724 15738 
19614 15935 
23268 15897 
19113 15975 
16568 16005 
19348 15996 
22949 16005 
25877 16041 
18271 16023 
22467 16075 
25065 16140 
24101 16154 
21604 16125 
24131 16218 
28768 16382 
24840 16296 
22322 16237 
28974 16540 
24481 16382 
22847 16340 
23699 16406 
24591 16478 
26258 16602 
20627 16294 
18803 16192 
25998 16702 
23703 16568 
26151 16783 
29865 17133 
20950 16433 
26481 16949 
23604 16720 
23290 16712 
21301 16535 
26868 17143 
19573 16397 
29134 17481 
21433 16634 
28524 17496 
20903 16605 
24951 17131 
24259 17084 
25525 17298 
23535 17052 
21487 16788 
30174 18070 
22740 17021 
28556 17938 
29115 18069 
27869 17925 
25274 17555 
22820 17180 
20856 16858 
25805 17767 
18821 16528 
28233 18301 
25566 17847 
26127 17988 
24720 17747 
17165 16245 
25299 17933 
25599 18028 
18471 16537 
22931 17529 
26627 18389 
18449 16565 
22903 17614 
28313 18934 
21679 17384 
25055 18240 
20510 17136 
28919 19311 
19839 17004 
23670 18041 
22886 17855 
22911 17896 
25453 18624 
21419 17532 
21671 17634 
23373 18145 
27092 19281 
27341 19391 
31325 20641 
23116 18193 
23547 18365 
19502 17115 
27568 19721 
26030 19261 
25243 19052 
23274 18437 
24055 18727 
28875 20421 
24082 18814 
23951 18802 
30871 21313 
24953 19232 
25041 19310 
20634 17722 
26904 20086 
21620 18135 
21119 17967 
25346 19625 
26290 20027 
20820 17915 
21048 18032 
21652 18308 
22712 18767 
23697 19206 
21080 18146 
16904 16392 
26296 20455 
22378 18800 
25601 20266 
25147 20117 
17295 16592 
25198 20220 
23007 19244 
26253 20787 
20489 18119 
24098 19866 
22605 19178 
22434 19132 
20724 18317 
22439 19193 
20126 18068 
23148 19623 
20780 18453 
23726 19992 
29196 22870 
18755 17449 
26846 21746 
19100 17662 
26260 21532 
20395 18395 
22212 19415 
21563 19085 
19364 17882 
18125 17203 
25446 21393 
25101 21251 
22897 20007 
22576 19853 
23272 20288 
26929 22516 
23587 20570 
19024 17838 
29401 24189 
23178 20422 
18646 17650 
19272 18058 
20660 18961 
21354 19428 
19701 18386 
19569 18319 
21341 19496 
24645 21721 
22160 20122 
21513 19715 
20703 19191 
29218 25039 
19638 18510 
23983 21548 
26557 23409 
22633 20686 
25879 23032 
21907 20247 
26939 23931 
19377 18474 
17923 17420 
20524 19374 
21842 20391 
21043 19817 
24038 22134 
21697 20378 
24517 22591 
24275 22456 
19342 18627 
18472 17956 
27576 25219 
23661 22146 
19667 18969 
21431 20435 
17948 17605 
21415 20492 
24772 23326 
20178 19525 
21092 20333 
21122 20396 
16643 16558 
19523 19078 
25467 24321 
17153 17024 
24931 23973 
24865 23972 
22462 21843 
21100 20641 
20885 20477 
24926 24263 
22664 22230 
23166 22737 
20900 20654 
24912 24526 
21248 21051 
23598 23375 
21602 21483 
23433 23330 
23264 23232 
23884 23930 
21568 21645 
20508 20608 
21989 22166 
19899 20048 
22898 23215 
21058 21327 
22094 22477 
21348 21726 
22764 23291 
21430 21912 
26094 27097 
20795 21315 
22451 23204 
23796 24772 
23128 24080 
23613 24689 
18245 18577 
19789 20375 
21333 22211 
21387 22319 
21307 22288 
20853 21792 
17959 18357 
21793 23040 
21361 22562 
18551 19154 
21394 22727 
21702 23177 
20134 21245 
21050 22467 
18262 18925 
22363 24289 
19791 20987 
22114 24125 
20643 22226 
22071 24226 
16516 16700 
20774 22575 
20090 21671 
19645 21100 
22333 24925 
24171 27599 
20124 21902 
20430 22381 
21616 24141 
21451 23964 
22491 25569 
17460 18162 
20566 22825 
20545 22841 
20218 22406 
18664 20079 
21171 23976 
22178 25595 
19160 20939 
20992 23877 
20983 23941 
22298 26144 
20402 23141 
18241 19674 
19951 22536 
22912 27572 
19774 22362 
23744 29162 
21101 24756 
18500 20330 
18573 20487 
22715 27847 
21011 24926 
18351 20233 
19592 22516 
20336 23938 
19819 23045 
19268 22083 
20608 24653 
19498 22638 
18255 20323 
22168 27945 
22103 27944 
20517 24917 
19051 22079 
16581 17159 
20896 25960 
18868 21889 
19016 22249 
17621 19387 
19719 23842 
18093 20449 
19919 24435 
19594 23839 
18817 22187 
20538 26095 
21913 29340 
21771 29174 
19169 23317 
18604 22085 
19539 24360 
19131 23482 
18374 21745 
21137 28602 
19724 25213 
18685 22700 
18165 21458 
16449 17130 
19496 25023 
16731 17899 
17509 19985 
18268 22052 
17344 19617 
17600 20349 
17528 20189 
19091 24583 
18238 22295 
18995 24529 
17898 21460 
17210 19510 
20233 28507 
18510 23484 
19606 26916 
16682 18082 
17546 20797 
17678 21302 
18568 24241 
17259 20102 
18155 23119 
18400 24074 
17103 19760 
18905 26094 
19522 28479 
18886 26347 
17934 23021 
18289 24469 
17559 21871 
19186 28198 
18090 24126 
18141 24433 
16569 18250 
19234 29100 
18020 24328 
17522 22386 
18030 24680 
18421 26584 
17330 21888 
17403 22344 
18044 25389 
17028 20815 
16994 20738 
16538 18605 
18628 29161 
18026 26350 
16747 19862 
17109 21883 
17633 24845 
17719 25512 
16799 20485 
17476 24461 
16865 21034 
17924 27492 
17182 23231 
17517 25465 
16718 20572 
18168 30236 
16844 21653 
16693 20741 
17459 26317 
17181 24606 
17046 23818 
16892 22811 
17235 25717 
17075 24682 
16159 17281 
16087 16687 
16766 22901 
16675 22271 
16283 18685 
16685 22868 
16760 23971 
16502 21478 
17039 27950 
16626 23429 
16540 22720 
16701 25118 
16313 20247 
16843 28440 
16709 27299 
16010 16010 
16179 19141 
16396 23686 
16290 21946 
16294 22498 
16490 27924 
16038 16797 
16315 25169 
16275 24686 
16086 18837 
16053 17873 
16238 27998 
16112 23057 
16099 24772 
16072 27087 
16017 27622 
15988 23980 
15956 24883 
15977 19018 
15884 24608 
15855 24611 
15874 22523 
15821 23574 
15765 24536 
15722 25140 
15811 21517 
15650 24881 
15477 27728 
15743 21495 
15263 30194 
15662 22113 
15629 22278 
15499 23861 
15265 26871 
15388 24691 
15921 17181 
15304 25015 
15117 26764 
15339 23697 
15245 24473 
15624 20131 
15490 21359 
15095 24960 
15014 25306 
14847 26566 
14769 26785 
14969 24681 
14653 27025 
15372 21062 
14854 24838 
15203 22011 
15492 19747 
15000 23042 
14717 24780 
15726 17871 
14351 26636 
14234 27164 
15698 17927 
13399 31795 
15076 21522 
15476 19090 
15780 17304 
14142 26267 
14557 23779 
13771 27678 
13794 27386 
13809 27053 
14409 23883 
13970 25804 
15522 18293 
14593 22497 
15545 18105 
13903 25322 
14156 24031 
14294 23313 
12989 28667 
13585 25948 
13644 25570 
14205 23195 
13305 26637 
15067 19665 
13367 26076 
11944 31286 
13450 25458 
13224 26160 
13439 25268 
13755 24005 
13691 24089 
14270 21980 
14951 19589 
15409 18010 
14589 20669 
13752 23292 
12068 28527 
13404 24183 
13257 24531 
11222 30603 
12487 26580 
14240 21270 
14248 21180 
14290 20981 
12723 25380 
13693 22540 
14318 20736 
13280 23557 
14341 20552 
13273 23390 
13218 23452 
13899 21557 
14162 20817 
14964 18701 
12612 24671 
12440 24986 
14949 18639 
14250 20316 
14297 20147 
12353 24729 
11907 25679 
12422 24368 
10666 28365 
13117 22613 
11741 25663 
11844 25311 
11959 24968 
10636 27798 
13013 22526 
13940 20452 
10969 26740 
12302 23814 
12207 23924 
10980 26361 
10848 26518 
14447 19166 
12506 23027 
12172 23643 
13249 21438 
10944 25868 
14261 19388 
12711 22332 
10851 25782 
10920 25552 
11979 23488 
12659 22159 
13884 19871 
13333 20832 
9835 27003 
11654 23698 
13442 20506 
15048 17679 
13723 19954 
12679 21696 
10151 25930 
11371 23779 
14766 18075 
12494 21809 
9526 26590 
11192 23787 
10588 24671 
13456 20043 
13584 19807 
13489 19915 
9481 26025 
9959 25233 
8445 27435 
9460 25827 
11730 22382 
9380 25808 
11877 22067 
10527 23966 
12094 21658 
11316 22719 
8031 27317 
9203 25578 
11090 22875 
13799 19070 
11317 22462 
8437 26331 
13895 18865 
8298 26335 
10928 22768 
12902 20103 
11337 22126 
10458 23217 
15115 17160 
15643 16477 
8691 25257 
10558 22855 
9267 24417 
10884 22364 
12283 20592 
9255 24266 
8933 24587 
11112 21903 
12115 20658 
11980 20785 
14606 17658 
12855 19676 
15104 17054 
10794 21980 
12095 20453 
11777 20772 
12024 20464 
12222 20213 
8571 24189 
12974 19317 
11650 20733 
13604 18597 
10437 21951 
7345 25182 
10863 21415 
12147 20027 
5997 26333 
10261 21889 
7610 24536 
7999 24069 
10455 21543 
10349 21595 
14511 17475 
8166 23613 
13859 18074 
9832 21889 
14940 17018 
12362 19421 
12241 19511 
5844 25399 
13558 18261 
6986 24232 
9315 22053 
7356 23764 
14611 17254 
7772 23298 
10673 20697 
12495 19078 
11563 19858 
11691 19712 
7795 22992 
7978 22798 
10615 20525 
9138 21716 
10544 20506 
10542 20465 
7299 23065 
10116 20740 
8645 21884 
9552 21117 
10370 20442 
9622 20981 
11699 19345 
13607 17853 
12672 18546 
10628 20068 
12213 18856 
8727 21429 
5582 23689 
9666 20642 
5178 23873 
9084 21001 
5944 23196 
8819 21107 
13575 17723 
5686 23215 
12261 18605 
8602 21092 
13110 17984 
6315 22566 
10051 20015 
6800 22132 
10923 19369 
2628 24780 
7924 21254 
7694 21357 
7531 21410 
9296 20238 
3944 23547 
9438 20070 
9757 19844 
4179 23219 
8366 20618 
7949 20828 
7188 21242 
5303 22310 
7818 20793 
4945 22400 
10554 19124 
3455 23115 
9773 19500 
11459 18535 
5236 21933 
7815 20470 
4336 22316 
10388 19016 
5306 21671 
6699 20901 
12677 17746 
4565 21899 
8667 19761 
10877 18605 
13969 17031 
11771 18114 
6706 20589 
7125 20338 
7792 19975 
7887 19900 
7203 20186 
14438 16749 
9563 19007 
4032 21523 
11935 17870 
8068 19606 
10382 18526 
5872 20502 
7002 19958 
4710 20922 
7463 19696 
11339 18008 
10768 18222 
5907 20229 
10842 18145 
10511 18253 
9115 18788 
9068 18778 
8512 18959 
6322 19779 
9201 18634 
9048 18669 
10098 18246 
6375 19604 
8555 18761 
8799 18638 
5376 19830 
9096 18470 
6420 19371 
3201 20444 
7510 18912 
10824 17758 
8060 18661 
11509 17491 
5833 19316 
11389 17492 
5859 19212 
9611 18007 
9274 18078 
10184 17770 
7121 18660 
4382 19434 
5815 18957 
8357 18180 
11005 17402 
5489 18896 
7630 18282 
9550 17729 
6064 18608 
6793 18373 
10130 17497 
12537 16872 
7100 18178 
11272 17146 
493 19682 
7259 18044 
7552 17940 
4512 18572 
12708 16733 
9436 17430 
5551 18234 
7035 17873 
11890 16848 
5052 18205 
7850 17602 
7712 17585 
8777 17349 
7050 17641 
2573 18415 
6609 17660 
6982 17561 
9233 17142 
5492 17719 
7476 17362 
6087 17540 
7276 17315 
7804 17204 
772 18155 
6993 17244 
267 18102 
6889 17194 
5494 17334 
8450 16928 
405 17836 
7974 16915 
5561 17133 
10949 16534 
7397 16869 
3881 17170 
9100 16648 
13652 16221 
10874 16452 
11793 16352 
11468 16358 
14264 16136 
11816 16298 
8002 16523 
4997 16680 
7256 16513 
4707 16626 
7161 16462 
11818 16211 
12735 16152 
7040 16354 
12837 16123 
9784 16204 
1360 16400 
5585 16255 
11054 16103 
13765 16044 
4266 16148 
5744 16102 
12809 16022 
3606 15996 
11986 15987 
10540 15953 
7038 15888 
10001 15906 
9159 15865 
9042 15834 
1913 15599 
11882 15875 
6060 15636 
6004 15585 
12345 15836 
8957 15648 
7876 15568 
8970 15605 
5688 15385 
5094 15295 
8655 15506 
7394 15385 
7692 15367 
10482 15557 
9187 15421 
11307 15582 
8840 15323 
14882 15898 
9222 15313 
8168 15173 
2884 14555 
7802 15058 
9034 15178 
7707 14988 
3084 14355 
12354 15526 
5566 14579 
11780 15414 
7454 14768 
8250 14844 
5074 14311 
6393 14482 
12616 15460 
7541 14611 
4453 14054 
11113 15157 
11319 15175 
4067 13829 
6268 14196 
5939 14097 
8463 14553 
3660 13564 
9522 14704 
7155 14182 
8523 14430 
11754 15099 
12766 15304 
10268 14739 
4936 13525 
5180 13534 
11228 14893 
12713 15226 
8581 14215 
4978 13289 
7576 13889 
10359 14570 
10408 14552 
9518 14295 
5238 13108 
8436 13947 
9905 14320 
11238 14669 
4246 12657 
8267 13774 
5164 12835 
7410 13459 
10061 14227 
5276 12741 
10932 14440 
8336 13595 
14245 15447 
6058 12802 
11700 14601 
3616 11906 
6328 12761 
5931 12571 
7695 13142 
10160 13964 
8392 13313 
7185 12836 
15191 15712 
8859 13373 
9075 13423 
4633 11704 
9489 13511 
10760 13968 
5210 11761 
10785 13934 
8470 12983 
10362 13721 
5142 11541 
10096 13555 
7788 12549 
7614 12433 
9714 13301 
8901 12915 
6668 11901 
13458 14876 
8952 12839 
6025 11470 
8310 12474 
8959 12738 
13019 14605 
4446 10533 
4974 10724 
6463 11389 
8183 12172 
11191 13627 
10087 13059 
5171 10558 
10697 13309 
9331 12574 
8526 12116 
10477 13096 
7346 11407 
13816 14832 
9476 12473 
9359 12376 
5012 9952 
6545 10743 
8911 12012 
9609 12365 
10937 13089 
13248 14407 
9859 12416 
12887 14165 
8625 11596 
9080 11820 
7512 10816 
7564 10800 
13121 14214 
5684 9542 
10771 12699 
6422 9895 
7445 10494 
6399 9760 
8676 11187 
9892 11953 
8914 11252 
10161 12055 
8416 10820 
11714 13047 
12777 13764 
9916 11736 
8642 10801 
11176 12562 
8072 10287 
9753 11466 
13448 14132 
10959 12273 
9546 11184 
10684 11999 
12271 13175 
7932 9843 
9569 11063 
9202 10743 
10626 11801 
11331 12322 
8230 9828 
11965 12771 
9887 11076 
13845 14248 
10040 11107 
7625 9052 
15257 15379 
10962 11749 
9364 10356 
4973 6552 
9590 10452 
8845 9760 
11494 12046 
9114 9921 
10617 11205 
7780 8632 
9508 10134 
9445 10024 
7729 8417 
6102 6835 
10919 11248 
15488 15518 
11028 11273 
8018 8340 
8551 8778 
7875 8066 
9041 9139 
7426 7471 
9795 9791 
10274 10213 
11405 11324 
11231 11100 
11053 10877 
9183 8901 
12969 12812 
8452 7980 
11672 11359 
11956 11624 
12027 11674 
11658 11226 
9772 9098 
6865 5811 
8345 7384 
14307 14079 
9178 8198 
10859 10068 
9006 7864 
13295 12829 
9196 7952 
15194 15037 
11043 10027 
10537 9379 
11071 9990 
11805 10851 
12981 12268 
8781 7025 
8370 6451 
10543 9110 
13598 12940 
11827 10640 
11821 10591 
8000 5580 
11999 10741 
7163 4272 
12580 11418 
12446 11188 
12449 11147 
11911 10375 
10114 7851 
10999 9022 
11233 9289 
12391 10889 
13035 11772 
13433 12303 
11325 9195 
9072 5834 
11794 9760 
12568 10859 
11115 8628 
10812 8082 
9194 5502 
10637 7660 
13151 11522 
7985 3326 
15053 14484 
11788 9233 
12272 9965 
11500 8651 
13417 11734 
13858 12439 
9932 5828 
12523 10100 
11785 8802 
13201 11172 
12459 9834 
9991 5436 
13155 10948 
10145 5537 
11154 7247 
10862 6651 
10191 5314 
13544 11439 
11322 7231 
9841 4317 
10192 4903 
11665 7631 
12994 10147 
11511 7170 
12021 8117 
12248 8472 
12179 8242 
12743 9326 
15772 15516 
12321 8292 
14623 13081 
14948 13739 
15680 15299 
13275 10070 
12694 8747 
13695 10878 
12535 8247 
11685 6261 
13860 11109 
12635 8240 
9836 1687 
12210 7121 
12022 6582 
14636 12722 
11081 4115 
12203 6744 
12168 6548 
12662 7696 
15029 13550 
11360 4176 
12445 6806 
11822 5057 
12963 7969 
13129 8309 
13828 10096 
15268 13973 
12256 5578 
12794 6953 
12950 7263 
14395 11348 
15343 14059 
14084 10290 
14746 12191 
13375 7946 
13601 8534 
13353 7676 
14411 10941 
12934 6155 
14359 10629 
13833 8785 
14660 11481 
14482 10806 
12757 4738 
14662 11253 
14591 10924 
13094 5376 
13711 7533 
15064 12462 
13485 6384 
14378 9656 
15487 13942 
13005 3871 
13510 5699 
13134 3970 
14088 7798 
14222 8260 
14799 10682 
15286 12785 
14842 10723 
15143 12003 
14907 10783 
14738 9846 
14612 9071 
13471 3133 
14913 10361 
13953 5175 
14528 7996 
14148 5667 
15155 11158 
15077 10620 
15154 10964 
14579 7403 
14386 5931 
15258 11195 
15071 9852 
14924 8642 
14930 8490 
14985 8625 
14707 6290 
14689 5796 
14466 3616 
14365 2320 
14819 5751 
14453 2196 
14859 5530 
15026 6788 
15396 10051 
15575 11639 
14993 5324 
15321 8550 
15455 9770 
15025 4326 
14928 2404 
15325 6922 
15285 5766 
15796 12806 
15583 9211 
15466 6653 
15331 3700 
15609 8315 
15669 8868 
15677 8382 
15649 7053 
15552 3698 
15642 5234 
15827 10138 
15797 7930 
15850 8489 
15886 8958 
15935 10129 
15933 7690 
15980 11294 
15996 6916 
16029 7799 
16034 12257 
16104 6985 
16135 6722 
16083 12094 
16182 8596 
16162 10150 
16228 8711 
16155 11785 
16251 9879 
16265 9947 
16761 27 
16357 9179 
16107 14206 
16474 7921 
16119 14204 
16864 2546 
16615 6906 
16596 7766 
16679 7042 
16970 3623 
16572 9048 
16606 9033 
16363 12074 
16975 5768 
17118 4647 
16872 7503 
17474 2168 
16545 11161 
17290 4830 
16723 10039 
16997 7981 
17015 8034 
17622 3564 
16274 14028 
16965 9006 
17647 4303 
17353 6742 
17211 8010 
17300 7606 
16953 10024 
18575 216 
17336 8026 
16879 10877 
16285 14423 
17395 8260 
18133 4405 
17940 5706 
17657 7393 
17215 9843 
17347 9310 
18784 2430 
18937 1890 
18720 3261 
18218 5765 
17416 9612 
16488 13881 
18219 6404 
17945 7737 
17552 9505 
18598 5235 
19417 2035 
17386 10486 
18212 7326 
17576 9928 
18815 5260 
19031 4622 
19736 2197 
18660 6336 
17982 8902 
16739 13427 
19918 2407 
18564 7216 
19427 4385 
18317 8294 
18635 7349 
18307 8535 
19440 4963 
18342 8596 
18876 6991 
19020 6630 
17538 11301 
19486 5406 
19916 4207 
18845 7526 
19026 7104 
17454 11807 
20815 2246 
17818 10887 
16558 14480 
16331 15125 
18418 9464 
16301 15227 
18034 10647 
19193 7655 
20572 4148 
18719 9039 
17367 12561 
21021 3455 
19323 7820 
19674 7073 
19191 8325 
19710 7178 
18818 9396 
19520 7846 
20186 6402 
18123 11198 
20913 4964 
21541 3714 
18865 9724 
19591 8217 
21675 3816 
18454 10787 
20670 6174 
17149 13625 
19122 9570 
16793 14402 
19414 9102 
18795 10406 
19905 8229 
21357 5431 
18287 11551 
20836 6673 
17638 12884 
19548 9297 
17878 12499 
17816 12650 
19346 9852 
20384 8035 
18618 11287 
18206 12074 
21321 6572 
20943 7305 
20833 7571 
19116 10630 
20945 7527 
18466 11819 
19287 10480 
18972 11045 
20718 8191 
20361 8841 
23020 4580 
20956 8000 
16256 15613 
19952 9705 
20444 8975 
20617 8773 
20916 8351 
