100 
877 534 
983 873 
969 756 
954 479 
959 382 
1010 766 
1028 550 
1088 402 
1074 657 
1184 360 
1208 432 
1207 551 
1196 651 
1294 547 
1144 828 
1255 702 
1326 684 
1424 600 
1435 607 
1225 832 
1445 700 
1477 718 
1391 816 
1447 798 
1659 757 
1483 855 
1328 930 
1337 946 
1262 973 
1598 976 
1581 1019 
1831 1059 
1469 1068 
1687 1158 
1626 1199 
1566 1207 
1545 1264 
1441 1240 
1416 1281 
1370 1278 
1273 1250 
1371 1358 
1394 1397 
1305 1367 
1302 1417 
1336 1552 
1266 1530 
1264 1682 
1154 1502 
1085 1392 
1049 1348 
1058 1609 
1061 1910 
1018 1348 
989 1278 
929 1592 
910 1618 
921 1447 
868 1494 
889 1380 
773 1638 
837 1421 
735 1559 
838 1307 
681 1473 
610 1514 
912 1122 
766 1260 
708 1270 
468 1452 
481 1403 
573 1280 
680 1173 
516 1226 
466 1232 
410 1208 
557 1131 
396 1123 
445 1070 
702 1015 
524 968 
282 905 
370 905 
609 908 
465 841 
484 812 
521 776 
703 847 
705 820 
571 678 
716 768 
592 594 
800 779 
719 647 
590 442 
803 661 
810 599 
811 579 
818 471 
825 451 
