200 
2879 1766 
2753 1836 
3148 1772 
3385 1772 
3439 1822 
2616 1952 
3084 1945 
2940 1974 
2992 2010 
2996 2033 
3053 2059 
3005 2086 
2834 2091 
2774 2118 
2969 2170 
3032 2203 
2957 2213 
2980 2262 
2945 2281 
2782 2262 
3088 2386 
3238 2475 
2868 2375 
3145 2526 
2870 2426 
2825 2427 
3002 2546 
2872 2503 
3026 2648 
2932 2643 
2676 2506 
2749 2587 
2602 2509 
2691 2637 
2935 2935 
2832 2886 
2715 2808 
2557 2658 
2873 3094 
2899 3187 
2760 3050 
2603 2884 
2632 2993 
2455 2786 
2480 2887 
2441 2880 
2451 2983 
2372 2863 
2389 2954 
2369 3029 
2261 2829 
2484 3715 
2244 2993 
2225 2998 
2147 2732 
2192 3175 
2209 3645 
2107 2960 
2095 3078 
2060 3127 
2024 2704 
1990 2809 
1959 3142 
1914 3215 
1926 2803 
1873 2926 
1879 2694 
1782 2983 
1732 3006 
1742 2885 
1679 2997 
1724 2788 
1586 3055 
1473 3239 
1711 2642 
1467 3084 
1480 2993 
1598 2714 
1174 3331 
1571 2670 
1440 2793 
1634 2495 
1212 2996 
1404 2728 
1328 2780 
1543 2494 
1036 2962 
1381 2574 
1339 2564 
1224 2621 
1427 2435 
1081 2635 
1175 2528 
718 2753 
860 2623 
1326 2353 
1131 2430 
1149 2400 
1277 2305 
1280 2276 
1355 2231 
918 2354 
1069 2264 
1283 2183 
945 2240 
1125 2176 
973 2171 
963 2138 
803 2116 
1226 2053 
1113 2027 
872 1981 
1239 1963 
955 1907 
1260 1920 
855 1833 
1148 1840 
756 1732 
941 1735 
932 1691 
1058 1700 
1264 1730 
766 1499 
1166 1621 
1054 1523 
1281 1612 
1142 1492 
1184 1482 
1195 1461 
1418 1582 
1476 1587 
1462 1541 
1367 1409 
1352 1353 
1437 1389 
1477 1405 
1208 1034 
1420 1261 
1463 1263 
1297 984 
1447 1135 
1343 900 
1610 1281 
1658 1297 
1461 826 
1676 1232 
1609 959 
1710 1117 
1721 1047 
1748 1047 
1829 1288 
1766 839 
1809 854 
1916 1356 
1903 959 
1921 734 
1946 694 
1992 918 
2022 910 
2041 1273 
2093 868 
2103 1214 
2154 1012 
2187 1029 
2218 1087 
2292 863 
2237 1233 
2432 755 
2319 1173 
2297 1306 
2323 1322 
2428 1155 
2486 1090 
2667 826 
2565 1107 
2612 1077 
2620 1109 
2542 1260 
2509 1342 
2717 1106 
2828 1047 
2598 1362 
2587 1399 
2790 1224 
2734 1323 
2802 1288 
2808 1315 
2583 1543 
2761 1443 
2947 1331 
2990 1342 
2586 1648 
2619 1654 
3206 1370 
2590 1723 
3281 1437 
3048 1573 
3009 1615 
2931 1687 
2534 1847 
