3200 
23690 25235 
16272 19169 
14065 17294 
12802 16199 
18410 20781 
27680 28417 
17049 19567 
14712 17548 
22827 24311 
26927 27733 
21213 22881 
13233 16067 
16268 18591 
20324 21991 
7750 11141 
16658 18749 
31557 31618 
24140 25161 
21635 22956 
24951 25837 
9674 12431 
16937 18742 
16857 18605 
27920 28385 
15260 17100 
16323 17997 
20356 21541 
21504 22534 
13416 15158 
16603 18011 
12001 13724 
24478 25109 
13926 15379 
27052 27439 
9323 11034 
23762 24362 
29567 29740 
32010 32010 
26428 26783 
31117 31170 
14952 15908 
18127 18856 
24302 24671 
22056 22483 
20349 20816 
14123 14768 
22210 22539 
16746 17194 
13140 13628 
25616 25765 
17374 17649 
9605 9948 
23479 23582 
15092 15199 
25188 25210 
23536 23531 
17971 17901 
21186 21090 
26704 26643 
18928 18741 
9590 9176 
18007 17680 
20193 19886 
22093 21781 
20940 20555 
16337 15735 
22960 22592 
18005 17393 
24779 24432 
30241 30152 
21341 20742 
15975 15005 
25417 25002 
18163 17221 
16729 15635 
21440 20650 
16751 15577 
18474 17371 
26199 25709 
27925 27569 
21127 20131 
23790 23004 
19153 17894 
26335 25745 
27468 26968 
26314 25667 
17784 16106 
12182 9793 
17663 15856 
25556 24720 
21262 19806 
24046 22941 
16427 14198 
30139 29865 
27486 26792 
23086 21694 
18357 16160 
28466 27880 
22994 21458 
23484 21992 
19831 17633 
18760 16289 
15389 12189 
16800 13764 
24794 23323 
19811 17262 
14822 11188 
17544 14391 
22801 20765 
26940 25794 
27702 26701 
15155 11122 
19198 16057 
12994 8217 
24860 23025 
16283 12177 
21164 18273 
29134 28349 
21153 18119 
15793 11157 
15861 11155 
20845 17512 
18426 14334 
22635 19773 
26424 24684 
27942 26647 
23999 21421 
26269 24393 
21749 18325 
30144 29514 
18281 13534 
19637 15295 
20152 15890 
22462 18976 
19982 15493 
23892 20834 
21873 18003 
20839 16523 
25395 22786 
29833 28962 
25972 23534 
21363 16978 
28178 26584 
18700 13071 
13834 6079 
27405 25412 
28368 26763 
20006 14668 
31333 31029 
21544 16760 
25147 21984 
15978 8442 
26123 23301 
27892 25896 
19005 12653 
31691 31534 
16211 8357 
24721 21031 
24367 20471 
19977 13780 
26882 24215 
24790 20976 
23278 18617 
20396 14125 
25824 22429 
20258 13692 
22556 17201 
22826 17534 
27564 24985 
19358 11958 
25150 21075 
25699 21910 
23317 18065 
22692 16976 
29651 28186 
22721 16857 
18591 10043 
18890 10457 
19411 11199 
24456 19451 
24612 19677 
27758 24878 
26588 22888 
21670 14507 
26453 22581 
29120 27089 
25880 21516 
23965 18204 
24778 19571 
24455 18970 
25516 20753 
24756 19369 
29441 27508 
28768 26309 
23586 17123 
22879 15799 
27854 24593 
23798 17259 
21656 13284 
26357 21756 
19974 10117 
19859 9816 
23496 16422 
26039 21039 
20704 11184 
22501 14425 
23504 16234 
27526 23638 
22781 14665 
24338 17550 
24398 17626 
24658 18046 
19378 7877 
25377 19283 
21692 12106 
21485 11576 
26911 22046 
23311 14938 
21082 10462 
26418 20948 
19595 7380 
30108 28222 
21931 11863 
19578 7040 
26830 21562 
30770 29492 
27508 22816 
18015 3232 
24771 17049 
27828 23309 
25141 17659 
25340 17971 
20033 6618 
19322 4923 
18498 3002 
23310 13254 
29908 27447 
20299 6494 
28972 25369 
25870 18510 
29040 25449 
26337 19392 
24120 14380 
26020 18573 
27494 21844 
25175 16570 
23853 13489 
29772 26913 
31612 31097 
28847 24733 
25267 16402 
22045 8766 
24986 15506 
19521 2547 
24700 14692 
22192 8566 
25527 16435 
23033 10334 
23015 10126 
28323 22965 
20793 4380 
30095 27269 
27387 20484 
24631 13525 
22812 8888 
28844 23988 
20584 2855 
25384 15035 
28584 23183 
27945 21458 
25024 13786 
24890 13325 
29022 24132 
27010 18718 
29480 25240 
25641 14830 
26793 17816 
24124 10400 
26128 15765 
25437 13737 
22743 6083 
26109 15386 
27070 17971 
23216 6851 
21509 1781 
26968 17449 
26104 14812 
22484 4086 
27176 17719 
25560 12817 
28066 20228 
30346 26991 
26846 16305 
28395 20955 
25197 11011 
27764 18816 
27091 16576 
28091 19622 
23473 4882 
31139 29228 
31018 28824 
23667 5051 
29834 24946 
26934 15447 
27529 17293 
25037 8944 
26525 13726 
25399 9748 
25801 10964 
26893 14483 
25526 9713 
26233 12055 
30076 25291 
26256 11798 
25943 10473 
24359 4648 
25359 8069 
28400 18943 
28218 18190 
27773 16404 
26040 9915 
27839 16472 
29540 22751 
25406 7041 
25520 7331 
29723 23259 
23980 1033 
27378 13963 
27911 15934 
30816 27291 
30578 26287 
24327 945 
29262 20819 
26138 7907 
25408 4649 
30202 24438 
27361 12379 
30100 23899 
27233 11457 
29251 20045 
27493 12246 
29088 19144 
27994 14086 
25085 768 
28549 16314 
30523 25178 
28266 14587 
29298 19210 
29342 19334 
30829 26324 
27073 7965 
29154 17957 
31703 30484 
30351 23664 
30561 24641 
26527 3811 
31460 29162 
28843 15447 
26250 1576 
27123 5865 
27954 9955 
28567 13116 
30641 24438 
30693 24654 
29811 19538 
27310 5070 
30012 20401 
29449 16974 
31240 27413 
28654 11774 
28827 12585 
29863 18782 
29125 13960 
28336 8767 
29887 18348 
28489 8965 
30263 20489 
30407 21235 
29769 16637 
29581 15036 
29604 14951 
31847 30831 
29069 10490 
30436 20328 
28430 4924 
29199 10261 
30269 18294 
29642 12957 
29252 9625 
31113 24666 
29119 8057 
31930 31334 
30718 20900 
30764 21058 
28533 798 
29720 11004 
31314 25445 
29861 11530 
28734 178 
30662 18782 
29033 2005 
30195 13454 
30675 18176 
31359 25115 
31407 25535 
30172 11867 
30160 11143 
29865 7247 
30086 9082 
30939 18941 
29468 111 
31873 30275 
31009 18806 
31122 20094 
31907 30607 
30746 14268 
30468 9754 
31102 18581 
30791 13400 
31166 18718 
31424 22483 
30678 9552 
31438 22032 
31027 14283 
31191 16434 
31600 23947 
31787 27484 
31441 20005 
31610 23297 
30956 8349 
30819 4244 
31118 10467 
31140 9819 
30962 3151 
30923 28 
31648 20598 
31358 10466 
31329 8702 
31574 15839 
31756 21721 
31493 9420 
31608 13528 
31775 20275 
31472 3025 
31688 11338 
31849 20927 
31620 2880 
31924 24291 
31829 10645 
31953 24246 
31983 27224 
31950 16975 
31962 14105 
32005 23300 
32021 13886 
32067 12835 
32047 22512 
32069 20342 
32155 8187 
32215 9327 
32129 21542 
32186 17969 
32357 8102 
32112 25959 
32119 26143 
32094 27797 
32473 10011 
32434 13055 
32514 11919 
32703 6629 
32578 12388 
32100 29132 
32947 3187 
32463 19068 
32508 18538 
32220 26598 
32671 15647 
32571 18504 
32823 13191 
33326 2567 
32172 28590 
33259 6606 
33397 4434 
33022 12482 
32717 18808 
33721 838 
32529 22821 
32791 18729 
33142 13449 
33669 5860 
32267 28014 
33392 11009 
33671 7720 
34267 89 
33619 9927 
32639 23507 
33103 17477 
32527 25392 
32691 23505 
32742 23133 
33541 13897 
33653 13012 
33650 13303 
34701 2147 
32564 25981 
33823 12880 
34345 7926 
34406 7982 
33013 22199 
34469 8392 
33666 16498 
34062 13112 
34157 12765 
32769 25308 
34127 13590 
34851 7720 
33082 23055 
34042 15421 
34734 10258 
33992 16353 
33020 24108 
34372 13877 
33857 18127 
33780 18861 
36344 304 
34081 17062 
32259 30237 
34433 14914 
35986 4454 
35133 10785 
33333 23136 
34963 12400 
35351 9980 
34321 17069 
33158 24718 
34912 13785 
34942 13907 
35165 12788 
32381 29773 
34525 16957 
35312 12587 
35802 10065 
36613 5561 
36174 8382 
32086 31579 
32845 27381 
37489 2001 
37162 4224 
35176 15097 
36145 10167 
33131 26164 
35838 12259 
37582 3503 
36377 9852 
37290 5612 
35025 17146 
34559 19577 
32840 28009 
33804 23488 
34415 20700 
33000 27399 
36843 9732 
33448 25462 
35419 16700 
37892 5746 
35780 15363 
37423 8233 
37293 9033 
33510 25567 
34925 19625 
34757 20448 
33742 24756 
36788 12194 
33308 26671 
34736 20917 
35395 18348 
36566 13744 
32967 28199 
35836 16880 
32755 29077 
34015 24219 
34820 21190 
39239 4316 
34405 22920 
38827 6348 
35279 19839 
39712 3466 
35270 20061 
36662 15033 
39978 3211 
35224 20521 
39363 5946 
38017 10906 
34526 23264 
35913 18567 
38262 10656 
37568 13204 
36288 17624 
39867 5709 
38231 11280 
33850 25904 
41321 1394 
34914 22558 
36467 17564 
33867 26032 
34780 23176 
36343 18321 
38463 11739 
35905 19827 
40046 7012 
39071 10224 
35613 20975 
37241 16075 
38403 12633 
33171 28508 
42150 1659 
36596 18346 
35295 22273 
36412 19047 
37328 16419 
37612 15702 
36897 17867 
40316 8175 
33694 27191 
35123 23168 
32089 31785 
38678 13275 
38565 13679 
38466 14116 
39777 10667 
35894 21376 
42089 4659 
39615 11437 
39092 12943 
35125 23670 
42521 3985 
34518 25354 
40334 10069 
37395 17873 
33875 27150 
33530 28065 
36154 21287 
40175 11005 
40778 9643 
38630 15195 
36422 20882 
38331 16170 
37679 17890 
32900 29800 
37706 17967 
41388 9046 
34876 25030 
39098 14858 
38199 17098 
35432 23797 
43289 5109 
41525 9381 
33845 27662 
39653 13968 
42382 7676 
40230 12821 
38365 17225 
37270 19862 
36957 20630 
38280 17654 
37017 20588 
41019 11553 
39018 16210 
35415 24360 
41027 11831 
42597 8423 
34194 27158 
37191 20581 
39931 14660 
43469 7098 
38718 17526 
35885 23695 
37015 21319 
38464 18283 
43774 7174 
39647 15994 
40573 14162 
37540 20544 
43506 8281 
33360 29237 
35647 24565 
33389 29198 
46174 3315 
40860 14139 
40194 15564 
44400 7246 
41792 12532 
35932 24229 
42093 12121 
34146 27808 
39955 16450 
38142 20087 
42079 12532 
38031 20401 
45204 6754 
38235 20169 
38575 19589 
43432 10518 
38342 20171 
43311 11002 
47209 3850 
35309 25932 
39809 17736 
34613 27273 
42306 13390 
44489 9579 
40853 16204 
38651 20204 
40406 17175 
40305 17394 
42755 13130 
42438 13798 
44046 11061 
43943 11341 
35434 26105 
40267 17831 
44054 11406 
32204 31679 
43471 12582 
41471 16070 
40183 18325 
44128 11840 
42141 15237 
44224 11866 
38789 20867 
36261 25059 
43669 13043 
38509 21479 
37890 22540 
33135 30205 
41453 16916 
42380 15540 
40150 19154 
40864 18096 
42036 16320 
47913 7214 
46636 9342 
38475 22037 
42966 15212 
36667 24907 
36028 25910 
43810 14199 
42084 16882 
37055 24473 
47259 9313 
46028 11210 
41691 17706 
43993 14370 
45399 12388 
43462 15276 
44991 13160 
41784 17898 
50276 5735 
49866 6400 
35879 26492 
44469 14325 
43816 15305 
32788 30914 
38807 22494 
36091 26331 
39533 21595 
40354 20499 
47153 11236 
35445 27316 
40886 19913 
32750 31005 
40244 20892 
43122 17092 
41937 18715 
36604 25884 
42417 18184 
44167 15916 
36952 25504 
38936 22922 
32738 31056 
39294 22520 
42391 18537 
48117 11221 
33896 29582 
34975 28205 
36631 26100 
34870 28367 
50188 9001 
38092 24327 
39200 22963 
43335 17847 
32694 31157 
41844 19822 
35042 28260 
41900 19809 
38769 23700 
41122 20846 
46571 14247 
42076 19786 
48296 12338 
40737 21531 
40037 22423 
44065 17667 
48255 12751 
40177 22378 
44446 17397 
41470 20943 
48322 13002 
43027 19229 
40410 22307 
37928 25190 
44558 17596 
40020 22847 
37779 25426 
45395 16766 
46058 16051 
41076 21735 
39544 23508 
34743 28936 
39139 24025 
51231 10590 
39172 24068 
42156 20817 
35449 28234 
46661 16020 
45778 17072 
43877 19164 
41274 22040 
52318 10252 
38970 24584 
44097 19170 
46532 16645 
54025 8786 
46044 17245 
43615 19835 
48998 14267 
33866 30076 
40071 23647 
44970 18644 
39057 24776 
37211 26689 
52491 11156 
39521 24391 
48391 15477 
43571 20374 
35919 28096 
46715 17351 
41787 22317 
39496 24604 
45443 18756 
38716 25418 
39603 24589 
54957 9707 
41245 23067 
47026 17502 
39832 24476 
46195 18376 
49414 15375 
49260 15575 
48718 16143 
48026 16873 
53611 11637 
46616 18305 
55410 10183 
42017 22717 
42196 22583 
35147 29113 
41242 23508 
43729 21274 
44516 20583 
42943 22072 
45040 20220 
47574 18002 
46579 18951 
35972 28473 
41546 23528 
55949 10775 
41333 23769 
46957 18866 
48485 17568 
50338 15978 
40575 24543 
46861 19114 
40326 24820 
40695 24524 
46816 19290 
45201 20732 
44103 21691 
44379 21484 
46785 19500 
46754 19576 
45383 20761 
36131 28551 
36876 27947 
46925 19619 
46128 20343 
46180 20337 
50195 17116 
45022 21396 
45416 21097 
44571 21829 
45467 21156 
40682 25043 
48411 18894 
34438 30079 
42338 23841 
50683 17319 
32536 31597 
48709 18979 
38327 27100 
37799 27521 
41756 24491 
46535 20858 
38940 26705 
44141 22754 
34987 29749 
48659 19400 
41973 24499 
40504 25623 
40731 25485 
44160 22949 
42396 24296 
38072 27524 
44910 22491 
50563 18370 
45904 21858 
51690 17697 
51819 17688 
48110 20411 
41239 25396 
43741 23633 
33970 30613 
46731 21573 
38860 27179 
50912 18727 
45244 22750 
39895 26518 
38062 27816 
47865 21053 
48507 20667 
42878 24563 
50278 19570 
41254 25746 
50120 19779 
34199 30538 
44927 23354 
37378 28424 
41261 25850 
39587 26981 
40114 26644 
43989 24125 
36808 28860 
51996 18925 
58616 14682 
48335 21442 
45183 23526 
32085 31961 
42867 25086 
55742 16926 
49492 20947 
49426 21029 
50603 20364 
59148 15053 
33073 31347 
58296 15710 
41092 26407 
43206 25136 
46573 23101 
54404 18370 
47930 22374 
44212 24648 
53069 19339 
45897 23694 
49636 21511 
58424 16329 
36031 29632 
33518 31120 
51440 20592 
42993 25590 
36746 29254 
52920 19889 
38662 28165 
56758 17788 
36803 29267 
47856 23000 
51004 21251 
33995 30889 
53091 20166 
43997 25293 
47737 23223 
39422 27887 
51585 21183 
34788 30482 
43690 25613 
33064 31434 
53662 20224 
44679 25133 
38358 28585 
48565 23110 
56876 18726 
45381 24913 
40494 27528 
35735 30053 
41270 27174 
39166 28295 
56171 19547 
39142 28355 
34844 30564 
45142 25333 
45627 25110 
37846 29074 
53422 21299 
42184 26952 
55243 20493 
57653 19376 
46021 25140 
41071 27582 
46369 25026 
52786 21962 
60851 18148 
51758 22562 
43942 26319 
33625 31243 
35487 30363 
49064 23960 
40472 28037 
44547 26152 
59231 19332 
42457 27161 
45563 25744 
39014 28792 
46676 25292 
48432 24538 
47177 25127 
49121 24275 
37492 29542 
43595 26836 
37097 29755 
49903 24114 
56216 21395 
45317 26216 
52026 23364 
45981 26022 
49176 24712 
52877 23163 
37753 29587 
61508 19607 
48472 25139 
36485 30149 
54060 22895 
47759 25531 
47476 25700 
53913 23106 
44908 26810 
44273 27092 
49369 25077 
42862 27711 
45522 26695 
37231 29973 
47288 26100 
49292 25366 
47787 25969 
54078 23593 
61420 20828 
49255 25498 
45832 26826 
60665 21354 
47163 26396 
44716 27321 
49775 25487 
52490 24545 
41909 28420 
61190 21482 
51986 24843 
36552 30387 
32056 31993 
42225 28399 
48451 26228 
47398 26637 
39184 29517 
54232 24335 
50442 25704 
53829 24601 
40482 29160 
48689 26443 
54217 24647 
62411 22022 
44283 28017 
46708 27244 
43804 28215 
55088 24641 
38184 30055 
45794 27665 
62552 22461 
49514 26557 
50363 26346 
49616 26612 
48898 26859 
44304 28294 
46559 27649 
49672 26742 
62695 22932 
36908 30569 
37653 30363 
57706 24570 
52642 26094 
55357 25375 
55082 25526 
45180 28342 
46827 27922 
62870 23544 
51015 26827 
46950 27952 
52310 26550 
58465 24937 
42107 29337 
59178 24853 
48471 27691 
46167 28320 
53936 26351 
49211 27604 
37451 30630 
42315 29415 
59008 25245 
56178 26013 
36179 30982 
46766 28410 
53347 26832 
56631 26079 
60427 25239 
52290 27215 
49817 27823 
38405 30519 
58210 25975 
52344 27382 
41218 29941 
51438 27674 
52793 27411 
48835 28309 
54178 27200 
43370 29572 
39094 30503 
45063 29268 
58229 26534 
38178 30736 
49161 28519 
49398 28511 
63389 25741 
48409 28778 
34722 31480 
53165 27930 
61516 26356 
56610 27324 
51730 28291 
49778 28690 
44654 29679 
45134 29617 
59424 27055 
63513 26397 
44659 29776 
50240 28811 
43736 29972 
37194 31115 
37763 31033 
50100 28975 
48011 29342 
45256 29832 
46563 29641 
55128 28295 
44173 30092 
49526 29283 
44962 30008 
42021 30477 
60158 27775 
49874 29348 
53325 28858 
37119 31269 
55627 28622 
57254 28425 
45186 30165 
34784 31626 
40122 30909 
50330 29563 
41970 30709 
57004 28791 
44709 30387 
45273 30350 
43287 30620 
42577 30724 
47108 30216 
45895 30399 
41613 30913 
33451 31847 
49421 30077 
59183 29054 
45147 30601 
61215 28928 
49438 30194 
51162 30043 
56261 29558 
46877 30541 
37027 31522 
39672 31277 
46507 30642 
46675 30642 
50591 30331 
49946 30425 
61385 29473 
43649 31022 
47014 30774 
45413 30933 
46152 30891 
50973 30561 
54764 30304 
47353 30884 
51498 30601 
44073 31168 
51894 30660 
45500 31114 
51546 30741 
37769 31651 
52912 30760 
39174 31590 
41190 31492 
62258 30386 
50980 31017 
54974 30840 
35715 31830 
43840 31457 
59866 30777 
50238 31244 
43086 31560 
41125 31655 
61873 30933 
47243 31486 
41414 31697 
56269 31236 
50775 31435 
53809 31384 
47370 31584 
39574 31821 
44942 31710 
45506 31724 
46214 31736 
51563 31666 
61280 31535 
52106 31725 
60982 31670 
58023 31760 
44493 31921 
54656 31905 
49051 31959 
42811 32009 
37236 32016 
35506 32023 
42000 32066 
60995 32224 
54888 32219 
51623 32236 
51025 32250 
43634 32169 
39371 32122 
45107 32234 
40100 32164 
40645 32190 
46479 32349 
53073 32524 
47962 32440 
52909 32597 
43175 32356 
51610 32668 
49599 32629 
35282 32132 
46729 32577 
47348 32625 
57169 33076 
32835 32045 
50243 32837 
49815 32846 
57013 33210 
50167 32908 
45848 32709 
44786 32688 
54972 33253 
51757 33107 
51147 33115 
44513 32767 
44468 32790 
45621 32891 
53312 33445 
40279 32578 
46117 33012 
44618 32929 
48974 33281 
45020 33005 
50123 33426 
42802 32885 
44807 33063 
40228 32697 
63891 34761 
47869 33396 
39913 32722 
49209 33608 
46578 33395 
49834 33728 
54605 34240 
53081 34119 
59599 34811 
51201 34003 
45958 33475 
58050 34796 
39447 32826 
51698 34193 
51462 34197 
54606 34611 
38652 32785 
47121 33799 
46514 33750 
62716 35749 
42969 33362 
50133 34270 
42241 33297 
43135 33424 
47467 34005 
47055 33993 
61111 35927 
54964 35162 
37082 32719 
52109 34866 
42586 33530 
52737 35031 
53688 35234 
48588 34501 
49479 34655 
61705 36559 
36153 32651 
35649 32577 
56693 35904 
48938 34729 
34696 32446 
36383 32729 
39640 33279 
59787 36683 
59616 36697 
51265 35302 
43827 34045 
42529 33839 
48563 34933 
45815 34487 
55449 36285 
60547 37277 
50399 35455 
56356 36613 
43150 34148 
35314 32654 
57230 36984 
49179 35439 
33762 32365 
53667 36432 
44950 34685 
53787 36576 
50869 36002 
44814 34741 
42746 34333 
51238 36211 
52906 36640 
32960 32223 
59745 38283 
45525 35084 
47085 35464 
44731 34947 
54679 37279 
48493 35878 
46317 35392 
42064 34404 
40948 34165 
50982 36612 
52119 36918 
38877 33703 
46425 35588 
58335 38611 
52528 37210 
40490 34185 
43554 34995 
43961 35130 
61736 39818 
49061 36516 
45191 35528 
49049 36600 
51554 37311 
50799 37126 
41489 34614 
47527 36309 
42654 34980 
41226 34597 
56078 38823 
53703 38195 
49736 37110 
55451 38783 
52902 38084 
60743 40424 
45431 35957 
49753 37272 
43071 35303 
47951 36794 
44396 35767 
41257 34836 
40607 34650 
43509 35563 
36363 33360 
62548 41568 
46697 36650 
47357 36892 
47980 37128 
43397 35678 
39665 34491 
42803 35532 
58557 40709 
51603 38494 
54387 39474 
51224 38476 
41618 35262 
38452 34199 
47977 37459 
37921 34041 
57773 40917 
48463 37741 
51601 38860 
57463 40941 
50921 38697 
51195 38858 
42206 35673 
53583 39810 
56921 41076 
53664 39944 
48166 37952 
36382 33630 
49571 38557 
43953 36477 
35082 33166 
44425 36717 
47178 37788 
51389 39433 
50720 39226 
47113 37882 
46101 37505 
55591 41271 
44027 36752 
41303 35696 
38773 34710 
40142 35276 
42534 36264 
54293 41067 
61629 44103 
56417 42016 
40345 35449 
40143 35384 
46216 37948 
44717 37347 
33242 32531 
35017 33288 
57152 42747 
43181 36802 
43707 37042 
45987 38071 
46923 38521 
36223 33862 
49508 39739 
60782 44765 
58710 43927 
41921 36453 
33252 32569 
54022 41959 
38626 35021 
51952 41117 
37108 34350 
37318 34460 
44639 37880 
50169 40482 
45864 38514 
49804 40415 
40257 35917 
60912 45743 
44143 37817 
49735 40534 
34592 33258 
45598 38630 
52410 42005 
41053 36457 
43987 37925 
55480 43677 
57339 44683 
48785 40445 
38367 35216 
40313 36225 
46069 39187 
39515 35853 
42452 37374 
44549 38495 
44106 38281 
40846 36616 
35012 33580 
43050 37826 
43444 38054 
42280 37471 
41306 36983 
60183 47170 
40816 36768 
50244 41922 
50951 42357 
36550 34503 
47194 40382 
42931 38057 
47086 40394 
41727 37427 
39453 36171 
45073 39344 
50010 42174 
58281 46914 
39898 36505 
43740 38715 
53143 44118 
41289 37346 
42131 37867 
41941 37775 
41421 37505 
44737 39473 
43184 38601 
37250 35122 
35963 34368 
53074 44641 
49877 42793 
52812 44636 
59316 48694 
44628 39761 
48405 42107 
32860 32535 
42266 38390 
44765 39981 
43019 38914 
49695 43173 
47523 41855 
55430 46968 
43523 39394 
38334 36083 
43555 39493 
40444 37494 
40176 37343 
47146 41945 
35555 34346 
41616 38361 
48787 43154 
46953 41983 
43591 39763 
42099 38807 
33582 33071 
42270 38954 
56769 48841 
45923 41516 
54688 47552 
37963 36114 
56401 48865 
48734 43595 
41311 38473 
49743 44385 
44068 40471 
34463 33739 
52081 46198 
42947 39785 
51488 45929 
58014 50659 
38978 37024 
34265 33637 
49335 44540 
41980 39240 
45232 41656 
41258 38782 
42409 39645 
52522 47115 
50586 45725 
37593 36146 
50299 45586 
51591 46578 
45212 41867 
47379 43537 
50819 46178 
32161 32124 
47781 44024 
40108 38212 
52392 47710 
44893 41962 
47978 44386 
48965 45204 
32366 32289 
35372 34648 
38521 37136 
44799 42138 
51134 47235 
47775 44590 
35668 34943 
51770 47931 
46781 43983 
47747 44829 
44503 42241 
35518 34892 
56682 52387 
40794 39293 
42923 41098 
48508 45816 
41944 40346 
46336 44084 
56454 52660 
36727 36003 
51226 48322 
44845 42944 
33141 32977 
41860 40449 
40104 38961 
47995 45774 
43120 41619 
48970 46724 
42973 41563 
42995 41614 
50072 47836 
35387 34978 
35584 35169 
49332 47396 
36148 35694 
36704 36205 
44729 43427 
47983 46384 
38154 37568 
40647 39869 
40526 39804 
44481 43477 
35862 35573 
41202 40557 
55422 53823 
47556 46535 
43154 42464 
51999 50814 
55274 53981 
48884 48027 
52180 51256 
51983 51108 
55083 54182 
46141 45624 
43313 42928 
45817 45390 
49132 48681 
44317 44057 
48053 47791 
47987 47767 
44760 44628 
35120 35102 
41230 41200 
42238 42262 
45661 45760 
36372 36420 
46763 46990 
54440 54832 
44568 44817 
42515 42786 
48312 48823 
40619 40928 
39029 39303 
42881 43367 
44667 45298 
45906 46629 
52382 53569 
38248 38632 
37979 38379 
38527 38987 
44918 45882 
40170 40828 
47010 48289 
41090 41887 
46045 47311 
40280 41065 
45342 46651 
36970 37471 
38681 39375 
41022 42009 
43923 45304 
40412 41410 
53276 55921 
41872 43163 
39236 40218 
35615 36114 
41106 42408 
42711 44281 
36169 36797 
38276 39252 
43450 45301 
52273 55603 
43569 45536 
44011 46128 
37171 38111 
42647 44619 
52593 56511 
37864 39008 
42723 44857 
34811 35389 
44195 46776 
34035 34474 
35164 35869 
44528 47364 
46866 50340 
48035 51870 
38421 39986 
38862 40579 
36781 37995 
41552 44028 
41029 43405 
36038 37112 
46392 50307 
50347 55433 
51699 57235 
40156 42481 
44889 48602 
42223 45210 
35004 35891 
38700 40706 
49507 54817 
37000 38538 
46017 50374 
45026 49120 
44320 48286 
44034 47979 
37486 39318 
39651 42248 
42707 46410 
35204 36323 
37923 40040 
43323 47419 
39992 42923 
45402 50422 
37990 40254 
34300 35184 
45683 51073 
40467 43855 
45930 51553 
36856 38844 
36984 39050 
42111 46340 
46353 52474 
39288 42437 
40416 44125 
44404 49954 
46737 53428 
36010 37864 
33757 34578 
44427 50365 
45650 52257 
40157 44159 
46114 53123 
36456 38703 
42009 47133 
43751 49818 
49478 58661 
41538 46622 
40843 45615 
45249 52527 
40685 45506 
49238 58976 
42553 48585 
42135 48000 
43773 50632 
41904 47734 
37494 40751 
41168 46656 
38812 42915 
39901 44731 
41068 46700 
45618 54225 
46716 56104 
39084 43645 
36837 39981 
36773 39901 
42201 48936 
42552 49582 
43362 50979 
40559 46332 
40391 46107 
37595 41441 
41626 48343 
37644 41631 
34543 36354 
41430 48213 
35150 37439 
42866 50886 
42140 49698 
37129 40999 
44651 54349 
38825 44086 
44440 54103 
39806 45933 
33292 34307 
47530 59994 
41647 49477 
35253 37911 
44634 55130 
37610 42335 
42284 51012 
39230 45422 
41395 49520 
35427 38418 
38968 45146 
37269 41998 
43382 53735 
39514 46405 
38132 43785 
36045 39816 
40013 47562 
41752 51058 
34940 37767 
42767 53248 
45433 58649 
35333 38623 
41322 50614 
37931 43889 
37288 42654 
36465 41059 
38736 45760 
37959 44254 
43488 55771 
43686 56282 
36943 42297 
38287 45140 
38260 45148 
39863 48637 
34814 37968 
41488 52242 
40945 51205 
33383 34981 
37525 43979 
36607 42026 
35124 38830 
35157 38937 
36929 42895 
39486 48610 
32954 34115 
34361 37267 
44992 61258 
41126 52634 
37094 43590 
42003 54953 
44749 61365 
41309 53604 
40269 51264 
39759 50170 
42638 57095 
39194 49103 
37421 44960 
41044 53711 
41243 54328 
39784 50911 
36945 44074 
41352 55006 
38793 48783 
39068 49589 
37279 45236 
39273 50360 
34625 38650 
34964 39573 
36935 44707 
36137 42733 
38368 48597 
37077 45280 
32891 34335 
35728 41855 
36577 44142 
39300 51516 
35850 42349 
39991 53638 
40233 54447 
39161 51649 
35216 40871 
35536 41820 
37165 46440 
33920 37383 
38780 51194 
38730 51211 
37977 49142 
36580 45245 
35762 42921 
40882 58009 
41856 61000 
36521 45362 
37773 49230 
35391 42206 
41906 62111 
40069 56737 
37816 49925 
40623 58823 
39728 56129 
41673 62516 
33444 36582 
37058 48222 
41486 62574 
34568 40336 
35828 44509 
35446 43303 
37760 51043 
35036 42106 
36785 48081 
40919 62151 
35907 45334 
37208 49926 
36065 46066 
36818 48798 
40746 62794 
38649 55567 
40544 62508 
35969 46278 
33728 38270 
37409 51845 
32565 34061 
33599 37921 
35436 44815 
36796 50108 
37602 53326 
33791 38829 
34945 43372 
33904 39391 
38385 57140 
33136 36470 
34506 41975 
33607 38448 
35051 44412 
35292 45490 
37655 55354 
37662 55588 
38171 57862 
37855 56699 
37265 54498 
32611 34619 
35156 45808 
33380 38103 
37426 56276 
36195 50941 
36078 50579 
35354 47444 
33832 40512 
37103 56066 
33861 40818 
36254 52351 
36453 53422 
34348 43435 
36400 53713 
36847 56233 
35547 49965 
32650 35285 
33838 41452 
37875 62721 
36044 53422 
35909 53022 
36083 54203 
35455 51017 
34087 43577 
33835 42316 
34765 47706 
33803 42386 
34884 48848 
34116 44573 
32955 37690 
34998 50285 
35068 50981 
37068 63607 
35789 56037 
34961 50999 
33982 44951 
34066 45655 
34663 49885 
33294 40818 
34075 46274 
33087 39572 
35941 60066 
33182 40446 
33066 39752 
34051 47305 
33998 47032 
35110 55677 
35386 58093 
32261 33989 
34191 49410 
34236 49964 
32896 39284 
34266 50922 
32725 38057 
34936 57182 
33296 43188 
34238 51834 
33125 42170 
32228 34043 
32414 35834 
34330 54577 
33110 42871 
33557 47491 
32779 39927 
34223 55244 
33816 51497 
34916 63877 
34859 63882 
33879 53173 
33394 48049 
33313 47376 
33070 44762 
33179 46584 
34012 57624 
32538 39033 
32932 44448 
33706 55576 
34202 63682 
32189 34667 
32713 42595 
32313 36664 
32396 38198 
32918 46840 
33932 63952 
32678 43490 
33754 63108 
32441 39894 
32677 44599 
32980 51067 
32402 40003 
32494 42284 
32559 44397 
32958 54540 
32428 42393 
33210 63987 
32395 42798 
32574 48898 
32398 44410 
32277 41184 
32534 51237 
32620 55423 
32278 42860 
32308 45198 
32656 64003 
32232 44844 
32273 48809 
32282 50960 
32041 34734 
32349 64008 
32187 54745 
32166 56484 
32082 46653 
32017 35358 
32029 51912 
32001 46546 
31973 50100 
31940 50990 
31934 45186 
31947 39809 
31910 41846 
31695 57501 
31945 36235 
31944 35667 
31559 55524 
31919 36107 
31880 37517 
31855 37961 
31659 44851 
31273 57177 
31421 50693 
31398 50155 
31977 32939 
31649 41658 
31236 51239 
31362 47556 
31702 39182 
31190 50372 
31661 39448 
31526 42083 
31092 50158 
30569 59741 
31550 40426 
30400 60745 
31971 32672 
31528 39836 
30743 51720 
30954 47712 
30344 56020 
31066 45290 
30818 48192 
30876 47045 
31195 42420 
31337 40459 
29947 57163 
31303 40379 
31629 36459 
30670 47466 
31618 36394 
29751 56772 
31853 33691 
31815 34041 
30046 52308 
29477 57698 
31708 35026 
30686 45035 
29714 54092 
29333 57059 
31548 36238 
29940 50740 
31037 40642 
29446 54275 
28308 63795 
30252 46846 
30697 42944 
31573 35593 
28775 58101 
30839 41333 
30153 46633 
28883 56208 
29340 52265 
29010 54538 
30822 40757 
31175 38094 
28872 54679 
28976 53468 
31650 34536 
28813 54139 
29922 46265 
27991 59178 
29233 50545 
30727 40435 
27738 59743 
31125 37663 
28577 53560 
29872 45225 
29617 46631 
30339 42077 
28322 54050 
26638 63555 
30200 42558 
29955 43804 
27254 59092 
30060 42995 
29743 44581 
29731 44464 
29337 46457 
29316 46434 
28123 52600 
28961 48048 
30462 40074 
30706 38726 
27894 52887 
28312 50513 
29852 42684 
29012 46752 
30742 38203 
28134 50853 
28226 50315 
25949 60937 
27980 50963 
29925 41754 
29393 44071 
30519 38797 
25055 63245 
26544 56308 
26118 58073 
27515 51763 
28227 48416 
30222 39680 
27458 51363 
25080 61186 
30725 37376 
26719 53953 
27248 51612 
28121 47847 
26760 53151 
25814 56649 
25925 56043 
31157 35355 
28384 46079 
27641 48767 
25780 55637 
26983 50898 
25593 56007 
25335 56742 
30999 35716 
25775 54768 
30652 36921 
26680 51105 
26282 52434 
25668 54419 
25965 53187 
28250 45097 
28142 45362 
29556 40427 
24231 58522 
24153 58599 
28912 42419 
25117 55052 
26530 50146 
27588 46522 
25755 52336 
29330 40638 
28678 42637 
28890 41901 
26989 47862 
25897 51237 
29258 40626 
24760 54550 
27838 44911 
23617 57831 
22347 61511 
28792 41786 
26586 48433 
31209 34420 
26338 49000 
24267 55096 
31597 33229 
25430 51291 
31504 33481 
21555 62254 
28565 41926 
25110 51733 
29638 38755 
30717 35666 
27481 44703 
23879 54694 
27484 44545 
29261 39596 
21064 62079 
26086 48158 
27597 43996 
26827 45979 
24399 52428 
23588 54506 
21737 59346 
25858 48265 
27365 44212 
27138 44712 
27832 42808 
26670 45767 
22710 55790 
22885 55175 
23526 53483 
24158 51812 
25232 49024 
20082 61704 
29034 39385 
27692 42626 
24252 51016 
26992 44259 
21990 56352 
20279 60309 
23836 51609 
24626 49659 
20807 58604 
23384 52385 
20989 57892 
31067 34213 
22509 54132 
25750 46536 
20588 58312 
21889 55167 
23831 50605 
25841 45973 
26654 44066 
20281 58297 
28632 39533 
19657 59320 
30593 35131 
28034 40722 
27039 42830 
21855 54027 
27634 41429 
25420 46141 
21301 54896 
19179 59289 
23388 50274 
30745 34677 
22450 52087 
24157 48383 
28137 40055 
27880 40552 
23880 48778 
25414 45546 
21222 54023 
25930 44346 
30856 34345 
27368 41361 
24445 47185 
27802 40415 
28660 38679 
23907 48075 
27446 40995 
28147 39576 
21155 53217 
24677 46283 
30205 35506 
23116 49134 
19231 56445 
20296 54307 
20071 54627 
22954 49046 
18965 56452 
26023 43176 
23173 48431 
26609 42021 
22487 49616 
21696 50965 
22023 50299 
21600 50974 
22787 48736 
22821 48624 
25097 44472 
24785 44967 
25547 43553 
23973 46314 
25905 42837 
21282 50992 
23771 46552 
20115 52939 
31427 33031 
18832 55007 
26661 41286 
28981 37235 
23782 46167 
26371 41677 
23996 45718 
23574 46400 
19916 52530 
24175 45217 
21937 48903 
18425 54694 
23328 46441 
28440 37922 
15428 59379 
26987 40259 
28701 37425 
18180 54545 
16298 57522 
27516 39262 
18679 53448 
26636 40610 
16976 55914 
25038 43056 
18477 53366 
14807 58992 
23730 44927 
25213 42556 
27835 38469 
19044 52015 
29971 35145 
21693 47800 
28608 37203 
22201 46924 
30969 33587 
16583 55265 
25373 41981 
21771 47315 
30853 33730 
26481 40200 
26991 39424 
28641 36975 
16825 54289 
26489 40089 
27079 39194 
21119 47801 
23085 44917 
15755 55409 
22387 45812 
21893 46434 
24809 42249 
25707 40948 
21139 47346 
26504 39751 
22563 45228 
21719 46362 
23992 43136 
26676 39385 
21350 46685 
20143 48278 
21210 46774 
19487 49030 
17779 51292 
18746 49915 
21191 46572 
22476 44781 
30494 34031 
19877 48092 
18941 49258 
20565 47064 
26235 39566 
12549 57412 
21150 46118 
21511 45572 
15698 52967 
23084 43445 
26792 38679 
25067 40851 
22895 43594 
20243 46905 
21960 44669 
20897 45938 
16425 51484 
26948 38306 
16966 50648 
28097 36840 
17406 49934 
13488 54695 
19743 46971 
11674 56717 
21311 44958 
15264 52173 
21939 44077 
25484 39800 
16471 50495 
21992 43878 
25757 39395 
21929 43853 
22892 42675 
28391 36217 
21556 44097 
26723 38089 
15009 51506 
16159 50120 
18734 47116 
26605 38136 
20776 44687 
21194 44191 
19918 45578 
15322 50670 
17248 48483 
15494 50343 
25745 38936 
21746 43317 
13075 52814 
18036 47285 
17633 47693 
29216 35047 
26183 38311 
16381 48879 
26740 37675 
20270 44567 
19927 44865 
11360 53924 
21649 42942 
19844 44805 
17023 47703 
12002 52887 
14409 50273 
13021 51659 
14352 50224 
25851 38338 
18492 45828 
17322 46962 
26027 38087 
25868 38236 
12900 51280 
18541 45527 
16804 47215 
18263 45727 
23528 40427 
20218 43645 
19897 43934 
25090 38804 
29170 34790 
16012 47611 
31040 32951 
24576 39199 
26809 37029 
22189 41454 
19764 43751 
25027 38670 
20091 43345 
15211 47910 
21612 41819 
28880 34951 
16998 46067 
16195 46762 
10231 52210 
21096 42085 
17468 45386 
19085 43860 
9621 52443 
29314 34461 
8300 53500 
9876 51985 
15112 47176 
12996 49010 
8237 53186 
16974 45369 
21239 41550 
15592 46468 
16528 45577 
18270 43996 
12606 48875 
15441 46378 
13127 48321 
14578 46978 
22673 39997 
25597 37483 
21776 40726 
27252 36047 
18054 43791 
24564 38280 
27563 35738 
21989 40365 
19229 42628 
22717 39706 
16089 45166 
14174 46680 
24656 38044 
25928 36977 
27613 35581 
27510 35653 
31720 32243 
31403 32497 
15032 45588 
19734 41792 
22608 39483 
19172 42163 
30565 33146 
13227 46750 
14172 45953 
25805 36834 
15667 44675 
14087 45831 
15789 44481 
13511 46194 
21954 39692 
20232 40956 
15410 44571 
27333 35533 
24584 37585 
18685 41964 
23423 38388 
13822 45482 
22533 39003 
11237 47274 
12884 46015 
22708 38782 
24711 37297 
18872 41485 
16574 43087 
12619 45883 
14503 44478 
19463 40909 
20190 40371 
20534 40096 
24609 37193 
22237 38822 
22739 38452 
8946 47948 
17250 42186 
12737 45265 
16380 42718 
14142 44187 
5528 49974 
20458 39810 
9776 46933 
17486 41724 
20306 39807 
27395 35077 
12217 45113 
23254 37772 
16023 42500 
18602 40766 
23974 37245 
15165 42959 
24607 36801 
22039 38443 
22684 38003 
19222 40189 
13730 43674 
15944 42200 
26444 35518 
22086 38243 
17911 40835 
20834 38984 
15226 42453 
19501 39757 
14276 42922 
22535 37802 
22734 37665 
20949 38734 
22542 37746 
26751 35180 
19950 39256 
22285 37828 
10640 44755 
20659 38741 
19053 39661 
28182 34260 
26219 35401 
9661 45055 
19381 39341 
17335 40501 
28413 34078 
12189 43360 
22013 37704 
20589 38499 
15567 41320 
26475 35134 
16566 40701 
22757 37182 
6888 46016 
24767 36026 
14387 41738 
26478 35056 
22581 37179 
10692 43637 
9128 44431 
20821 38043 
21759 37503 
17429 39803 
24037 36246 
20194 38259 
17539 39631 
18523 39063 
14951 40890 
26307 34964 
13180 41727 
21250 37548 
20840 37737 
5162 45680 
15908 40164 
22002 37059 
14839 40633 
10243 42914 
14408 40773 
20935 37484 
29798 33098 
20832 37476 
17904 38885 
23483 36139 
8129 43512 
5488 44717 
13473 40861 
11716 41658 
15319 39910 
25458 35098 
13486 40713 
24701 35423 
11386 41588 
19577 37747 
13190 40642 
9523 42256 
18786 38010 
15729 39352 
13687 40219 
14613 39751 
10360 41582 
23560 35732 
24936 35107 
13480 40096 
22753 36023 
2631 44693 
5820 43232 
8363 42095 
21557 36445 
29189 33200 
26879 34160 
12000 40366 
13872 39560 
17259 38099 
2404 44155 
24096 35235 
8249 41615 
21712 36151 
15452 38621 
14763 38843 
16241 38222 
16127 38244 
27652 33709 
14074 38964 
8160 41222 
21189 36172 
28966 33171 
24053 35023 
27263 33794 
16063 37973 
14479 38528 
12215 39329 
5339 41802 
17640 37246 
27480 33654 
31672 32131 
27203 33728 
18861 36691 
12662 38865 
16512 37462 
9132 40029 
17010 37220 
17772 36910 
13298 38389 
11810 38865 
14773 37806 
26456 33860 
2978 41618 
15471 37445 
13210 38133 
23425 34796 
11316 38662 
2725 41357 
30369 32528 
6229 40079 
16572 36803 
24855 34216 
20932 35404 
19588 35776 
13743 37504 
13004 37700 
26246 33723 
21733 35049 
8589 38863 
24772 34111 
14539 37056 
27125 33408 
7596 38951 
29186 32808 
10915 37909 
18300 35815 
15876 36438 
4616 39485 
11765 37503 
19511 35376 
13290 37002 
20007 35185 
1051 40106 
21020 34866 
24617 33911 
9028 37864 
20245 34983 
15842 36052 
21206 34693 
4612 38741 
19407 35066 
19936 34915 
21463 34528 
867 39370 
27720 33014 
7768 37637 
5893 38011 
18725 35037 
28050 32907 
8618 37242 
10707 36735 
8139 37260 
15987 35515 
15299 35617 
13155 36048 
17157 35163 
19419 34652 
11532 36275 
14616 35593 
10932 36308 
9394 36578 
9930 36426 
18654 34667 
22028 33981 
23557 33664 
2338 37740 
576 38004 
11160 35931 
10337 36059 
8223 36393 
1783 37498 
15363 35011 
9535 36023 
24666 33310 
17448 34555 
21554 33819 
14483 34994 
29005 32516 
18631 34232 
4633 36499 
19879 33983 
17920 34276 
14305 34829 
10544 35392 
11050 35259 
11664 35103 
18778 33987 
21276 33594 
15214 34457 
18385 33973 
19118 33851 
318 36441 
17041 34070 
19695 33682 
24473 33011 
5013 35529 
9390 34915 
25172 32868 
24812 32899 
22171 33200 
7377 34931 
10434 34510 
26289 32663 
18273 33542 
6156 34836 
10616 34289 
22565 32997 
15207 33749 
8024 34461 
23745 32831 
16506 33511 
16916 33436 
28716 32315 
13876 33646 
6135 34291 
13105 33651 
24289 32670 
19137 33083 
15039 33385 
12322 33578 
12482 33518 
19279 32963 
3240 34112 
21964 32720 
10017 33503 
31339 32054 
16944 32998 
23090 32573 
22613 32581 
9364 33345 
16696 32874 
22413 32529 
16481 32834 
15838 32851 
20352 32586 
18767 32647 
13131 32866 
8156 33059 
14424 32764 
25462 32282 
15971 32653 
8761 32882 
26438 32206 
17324 32509 
11071 32669 
15367 32516 
7854 32695 
10894 32579 
7108 32641 
19186 32302 
16 32652 
17269 32288 
31306 32022 
3476 32441 
12453 32251 
17734 32158 
20643 32101 
27851 32032 
13564 32068 
16129 32025 
16376 32008 
26541 31997 
17603 31959 
6331 31852 
6255 31806 
25492 31947 
14696 31811 
6108 31681 
16601 31792 
13747 31726 
13831 31705 
13952 31672 
22967 31829 
25975 31880 
12419 31541 
16274 31590 
5758 31261 
10105 31326 
19498 31595 
4590 31033 
15427 31399 
17782 31471 
18401 31469 
25164 31727 
24028 31662 
13625 31183 
4056 30693 
9008 30870 
21303 31460 
16623 31196 
1177 30292 
20835 31361 
14898 30982 
16010 31023 
74 29972 
6882 30353 
11206 30601 
15881 30887 
11737 30548 
21170 31200 
24645 31441 
5829 29929 
15366 30661 
16529 30729 
10773 30197 
4240 29559 
26556 31516 
22127 31096 
8857 29825 
23544 31192 
13699 30204 
11497 29953 
16422 30412 
19111 30670 
313 28674 
8726 29513 
15381 30194 
15904 30234 
20749 30755 
23466 31042 
17147 30307 
5067 28891 
16396 30176 
10689 29445 
24223 31062 
10538 29356 
31354 31927 
16501 30030 
23424 30889 
10108 29109 
26817 31309 
16247 29865 
17383 29976 
21752 30566 
15642 29661 
10598 28887 
9277 28667 
17493 29841 
10938 28829 
9392 28549 
14478 29279 
3512 27535 
405 26992 
12902 28946 
25237 30911 
30418 31749 
20853 30166 
11995 28673 
14840 29129 
27579 31257 
23578 30565 
21275 30152 
19452 29815 
16207 29231 
7295 27610 
948 26410 
12762 28497 
27809 31234 
12665 28419 
7652 27449 
20145 29753 
24506 30571 
16355 28986 
22833 30223 
19585 29559 
17668 29140 
24482 30485 
9139 27311 
14688 28429 
23774 30296 
1408 25558 
14656 28305 
12699 27853 
13383 27953 
18724 29090 
12878 27765 
10195 27114 
26384 30732 
27907 31069 
15229 28119 
18818 28920 
23421 29973 
21984 29602 
6400 25834 
10489 26792 
9063 26418 
9809 26575 
29122 31294 
10369 26591 
19915 28950 
28594 31141 
19956 28921 
19913 28893 
3720 24647 
11180 26529 
25413 30259 
14204 27256 
14328 27236 
30211 31519 
10983 26236 
28795 31120 
14880 27216 
10734 26012 
9469 25610 
20602 28750 
16070 27412 
12078 26214 
17688 27809 
15559 27156 
7675 24776 
6096 24270 
18860 28042 
20275 28447 
2973 23129 
16419 27195 
10291 25241 
1480 22420 
20197 28283 
22704 29049 
18563 27689 
31502 31845 
15103 26492 
8937 24425 
27026 30365 
25979 30009 
26660 30226 
25370 29785 
7603 23779 
5497 23039 
15843 26503 
4690 22649 
12550 25317 
25187 29654 
22310 28647 
12938 25371 
14144 25732 
14395 25774 
17255 26759 
10371 24251 
19726 27591 
14892 25830 
30669 31523 
4226 21850 
15707 26021 
20951 27932 
21709 28187 
22157 28321 
16288 26081 
15930 25926 
10062 23672 
14015 25146 
19150 27072 
9465 23304 
20431 27522 
22855 28446 
18938 26900 
12714 24413 
20900 27623 
20739 27537 
2286 20156 
18312 26500 
22289 28083 
19972 27129 
10087 23094 
23867 28683 
12723 24089 
19252 26754 
19273 26737 
16027 25375 
12710 23963 
2488 19661 
19828 26899 
19636 26777 
5761 20863 
15019 24741 
26549 29656 
21215 27326 
8548 21749 
19116 26337 
13961 24041 
17084 25380 
20679 26937 
11484 22767 
12250 23052 
26344 29428 
25171 28882 
19301 26164 
14046 23685 
18205 25571 
9881 21660 
12947 23050 
14022 23510 
18528 25604 
13068 22950 
19042 25767 
12518 22572 
14860 23658 
20546 26406 
8183 20297 
7205 19759 
23431 27746 
22160 27079 
28721 30358 
17942 24922 
3448 17579 
21340 26585 
20090 25915 
12806 22135 
8552 19881 
8612 19848 
29308 30597 
18603 24955 
17671 24419 
20123 25692 
16921 23952 
11839 21167 
9006 19614 
3881 16751 
19369 25125 
23243 27214 
15404 22882 
17943 24231 
5584 17316 
12124 20907 
10719 20043 
13990 21835 
18560 24393 
14681 22142 
9629 19210 
16214 22950 
11924 20443 
12359 20616 
17279 23414 
29230 30383 
30393 31058 
8566 18170 
22005 26073 
19433 24523 
17457 23323 
16256 22567 
17479 23259 
17859 23450 
14327 21268 
10181 18699 
8256 17472 
12074 19762 
14830 21406 
20135 24651 
9259 17848 
27146 28964 
28453 29773 
7591 16583 
23031 26302 
21822 25513 
10398 18175 
20236 24424 
14924 20945 
10871 18247 
9011 16939 
25313 27600 
30448 30977 
15318 20941 
19007 23338 
16344 21522 
19448 23580 
17597 22285 
22036 25244 
15463 20738 
28241 29429 
30838 31203 
19527 23375 
19274 23175 
13106 18814 
18091 22250 
19860 23450 
20014 23521 
6694 13993 
13981 19140 
12624 18123 
22463 25138 
20783 23903 
17556 21523 
27792 28939 
18937 22470 
14619 19276 
20394 23463 
25837 27446 
19288 22560 
17341 21075 
13019 17803 
27990 28988 
10064 15450 
29547 30143 
18373 21614 
8060 13701 
23785 25697 
15976 19640 
24059 25844 
16492 19928 
18706 21606 
22946 24901 
20606 23013 
30291 30648 
15234 18684 
19554 22087 
17193 20145 
23293 24997 
19591 21959 
