1600 
24750 12385 
22034 13552 
28861 10803 
18277 15105 
19888 14490 
22029 13668 
20184 14411 
30326 10578 
18439 15092 
25001 12664 
20071 14521 
29054 11293 
23108 13486 
30943 10760 
28778 11570 
27361 12145 
24716 13074 
22704 13769 
20360 14563 
24552 13223 
19678 14824 
26434 12692 
20349 14646 
16723 15788 
26176 12866 
24423 13454 
26462 12883 
22297 14168 
20113 14831 
22053 14306 
21596 14460 
24381 13724 
31143 11959 
27051 13074 
21449 14598 
29797 12465 
27215 13181 
17853 15556 
23440 14207 
27256 13305 
25690 13729 
30388 12683 
21150 14853 
17330 15721 
24288 14240 
21648 14820 
20870 15014 
20513 15104 
23875 14460 
31720 12978 
25228 14275 
24313 14499 
24731 14467 
24194 14603 
20157 15318 
16010 16010 
21510 15152 
27105 14342 
29530 14055 
17497 15801 
22916 15074 
24259 14946 
23346 15090 
21733 15307 
19717 15567 
23533 15134 
21003 15440 
22787 15258 
19995 15594 
24186 15207 
28329 14867 
18921 15743 
19264 15716 
30361 14759 
26738 15130 
24647 15340 
29659 14980 
16198 15996 
22472 15560 
27609 15257 
30177 15113 
26189 15380 
25650 15456 
19050 15846 
27896 15444 
30404 15370 
31995 15319 
25558 15640 
20671 15854 
30818 15600 
32005 15641 
25424 15840 
23312 15891 
23629 15932 
24537 15953 
26629 15990 
20581 16014 
18529 16017 
23456 16056 
30646 16179 
21384 16105 
21128 16117 
26740 16262 
22749 16192 
25691 16311 
29600 16467 
26736 16407 
22872 16293 
31402 16741 
28646 16673 
19230 16188 
21917 16358 
29452 16851 
26812 16748 
26342 16740 
18354 16190 
31956 17316 
27201 16988 
23717 16711 
24501 16830 
23493 16768 
29274 17400 
30026 17529 
25743 17119 
28852 17550 
29923 17705 
22785 16846 
19728 16473 
20465 16579 
25493 17280 
22209 16867 
17461 16219 
16378 16065 
19992 16623 
18820 16451 
17852 16311 
26949 17864 
23866 17356 
23127 17263 
22566 17195 
31743 18918 
26438 17951 
18161 16422 
22447 17286 
23298 17476 
21386 17120 
25292 17986 
21556 17223 
20961 17123 
17401 16332 
20131 16982 
27184 18681 
21079 17241 
28813 19177 
28424 19097 
19854 16979 
19035 16784 
25066 18345 
25359 18448 
26450 18759 
28182 19236 
24318 18265 
24806 18441 
26025 18816 
30675 20173 
20953 17428 
22689 17954 
29903 20150 
21315 17604 
24892 18718 
28088 19769 
23159 18253 
24809 18829 
23872 18584 
20811 17602 
20447 17499 
22473 18210 
20777 17658 
24531 18993 
27654 20165 
26340 19771 
26685 19942 
24523 19165 
24687 19263 
23289 18769 
28007 20639 
20709 17837 
23122 18822 
19889 17567 
20172 17697 
26367 20266 
22306 18617 
22569 18738 
16907 16389 
28033 21153 
22255 18713 
27368 20954 
19155 17397 
21949 18646 
30604 22566 
22674 19047 
20603 18133 
22681 19111 
20617 18164 
25745 20615 
23500 19611 
25633 20661 
19860 17895 
17774 16882 
24538 20270 
23865 19953 
22424 19254 
19203 17638 
20460 18290 
25916 21116 
30211 23379 
22706 19499 
26132 21363 
26396 21572 
21658 19078 
21815 19175 
30028 23722 
29647 23559 
27154 22230 
29948 23866 
25155 21180 
20491 18565 
20535 18605 
24055 20643 
21533 19211 
26961 22423 
29789 24141 
22736 20018 
19169 17897 
23687 20629 
17854 17129 
21080 19108 
20739 18913 
21118 19173 
21996 19759 
24509 21384 
24187 21224 
24040 21171 
23577 20940 
21836 19854 
26492 22945 
22067 20044 
24913 21998 
22380 20313 
25536 22536 
21391 19749 
20154 18910 
21882 20149 
19590 18553 
22378 20553 
25308 22729 
26426 23571 
18421 17776 
18072 17525 
23572 21609 
20307 19200 
20809 19592 
24724 22604 
18409 17840 
18349 17808 
18804 18170 
17897 17475 
24183 22406 
25575 23543 
25403 23478 
19260 18616 
24205 22618 
23878 22398 
20263 19480 
22289 21181 
20317 19605 
20480 19778 
27140 25430 
25584 24197 
19381 18918 
23144 22212 
20918 20323 
18317 18049 
20569 20075 
22389 21765 
17576 17439 
20100 19782 
22279 21835 
17735 17627 
23857 23392 
17885 17790 
20562 20368 
19835 19685 
23410 23143 
22364 22161 
26555 26296 
20269 20185 
25244 25117 
24979 24884 
21938 21945 
24409 24511 
23816 23970 
21194 21342 
19644 19772 
23817 24112 
21401 21644 
26139 26641 
21467 21754 
24912 25409 
20740 21023 
20992 21348 
20932 21297 
20678 21039 
23373 23981 
18187 18390 
22112 22710 
19629 20004 
22194 22861 
21782 22426 
16499 16556 
18506 18820 
22765 23645 
26225 27624 
22324 23282 
16748 16867 
20024 20721 
18611 19086 
24412 26074 
24833 26658 
23076 24566 
21912 23220 
23528 25318 
21370 22692 
23784 25804 
19996 21083 
19237 20160 
20274 21552 
20875 22366 
17419 17864 
16783 17033 
22837 25136 
23718 26385 
22080 24292 
23517 26281 
22716 25312 
21652 23945 
18026 18863 
23554 26796 
16276 16392 
20437 22409 
20233 22178 
19095 20538 
17660 18462 
19797 21695 
20417 22710 
20119 22301 
20910 23571 
19031 20729 
22915 26881 
17184 17878 
21597 25007 
20939 24048 
18967 20887 
24258 29720 
21821 25779 
21141 24751 
20799 24252 
20785 24331 
20769 24337 
18208 19893 
18488 20436 
19727 22720 
19936 23139 
23430 29522 
18313 20266 
22822 28638 
20459 24335 
23519 30138 
22761 28774 
22970 29259 
21213 26055 
23287 30259 
18345 20656 
21203 26424 
17531 19085 
17631 19333 
16444 16905 
22831 30178 
17842 19876 
18642 21603 
20542 25728 
19498 23597 
19468 23616 
21354 27915 
18057 20595 
20232 25503 
22426 30667 
18751 22321 
16329 16749 
16614 17414 
20006 25353 
18726 22429 
19806 25059 
18011 20840 
18084 21089 
18364 21871 
18710 22779 
18217 21604 
18693 22868 
21759 30941 
18182 21732 
18276 22051 
19868 26405 
19614 25915 
18258 22241 
17863 21171 
18619 23320 
18667 23572 
19671 26654 
18552 23520 
18300 22854 
19074 25208 
19016 25105 
16848 18593 
19510 26859 
19830 28123 
18968 25536 
18915 25496 
18878 25584 
18784 25473 
17390 20749 
18238 23827 
17362 20781 
17933 22859 
18361 24596 
17971 23221 
18652 25880 
16228 16838 
17106 20217 
17979 23698 
16873 19397 
17934 23730 
17795 23216 
18959 28232 
18989 28559 
16275 17155 
18285 25979 
17670 23444 
17792 24182 
17467 22761 
18326 26849 
17084 21073 
18825 29583 
17271 22192 
17011 20950 
17554 23696 
16574 18843 
16020 16063 
17983 26193 
16966 21019 
16716 19806 
17945 26599 
17543 24471 
18756 31318 
18165 28110 
17346 23608 
17599 25233 
17291 23729 
17719 26738 
17077 22871 
17349 24736 
16762 21103 
16740 21104 
17921 29553 
16505 19651 
17292 25774 
16906 23099 
16707 21777 
17026 24871 
16883 23864 
16928 24402 
17667 31923 
16859 24701 
16601 22230 
16626 22844 
16396 20593 
16066 16720 
16706 25348 
16761 26476 
16547 23860 
16676 26117 
16684 26880 
16586 25489 
16495 24418 
16515 25663 
16087 17580 
16638 29804 
16431 25955 
16102 18492 
16304 24915 
16285 25301 
16255 25066 
16358 31558 
16041 17819 
16164 25559 
16124 23948 
16159 27527 
16065 21354 
16040 22539 
16018 26548 
15990 24082 
15951 23083 
15894 27169 
15897 23663 
15792 26972 
15903 20474 
15805 22733 
15885 19710 
15739 23042 
15781 21247 
15866 18869 
15454 26142 
15326 27808 
15490 24058 
15274 27132 
15079 29769 
15404 24394 
15615 21370 
15234 26320 
15004 28845 
15607 20821 
14964 28167 
15765 18764 
15489 21466 
15722 18938 
14995 25943 
15005 25506 
15141 23868 
15221 22868 
15391 21225 
15290 21878 
15131 22944 
14533 27239 
15686 18411 
15054 22902 
15388 20362 
14733 24731 
15507 19305 
15040 22205 
15113 21538 
14859 22887 
15730 17625 
14745 23256 
13886 27891 
15332 19740 
14175 25966 
14686 22948 
14402 24160 
14158 25340 
15850 16791 
15111 20323 
13549 27676 
15545 18183 
14014 25075 
14725 21694 
13251 27940 
14291 23402 
12936 28869 
14209 23417 
13788 24905 
14456 22142 
13712 24915 
15394 18337 
14608 21247 
14179 22787 
13574 24905 
12352 29248 
15512 17781 
13823 23688 
11827 30412 
15145 18954 
14100 22421 
14374 21469 
14970 19456 
11582 30606 
14754 20117 
13007 25610 
13074 25191 
12956 25510 
14844 19621 
13360 24046 
15146 18595 
13479 23487 
13309 23870 
14509 20359 
12804 25209 
12955 24645 
12274 26415 
15261 18061 
12854 24509 
13520 22639 
14294 20546 
11704 27214 
14080 20960 
15265 17884 
12027 25961 
12978 23551 
10952 28424 
12088 25494 
14189 20335 
14062 20566 
13413 22021 
11737 25744 
12263 24470 
12067 24857 
10872 27350 
12796 23045 
12574 23424 
12424 23675 
13494 21330 
10416 27735 
15310 17458 
15541 16966 
11295 25570 
11139 25732 
14385 19206 
12337 23124 
12089 23558 
12177 23305 
13398 20945 
14529 18780 
12035 23353 
14174 19349 
11233 24607 
10168 26416 
13800 19925 
12572 22074 
12150 22757 
12539 22023 
11996 22934 
9991 26305 
8118 29407 
15780 16396 
12624 21677 
15410 17003 
10164 25653 
13057 20853 
10011 25814 
12794 21245 
13266 20420 
12251 22011 
11005 23943 
9757 25790 
13647 19666 
11357 23147 
11848 22349 
12495 21318 
10934 23599 
11443 22785 
9281 25940 
13214 20107 
10693 23738 
9536 25356 
14178 18639 
8769 26365 
10959 23135 
12253 21259 
11434 22359 
9731 24655 
7152 28057 
14290 18337 
11194 22490 
7715 27133 
11292 22271 
11717 21658 
11590 21805 
14949 17390 
6310 28530 
8090 26172 
10321 23255 
12679 20237 
11281 21957 
10385 23048 
8295 25575 
8465 25251 
10097 23207 
7416 26332 
11243 21673 
15928 16106 
14837 17383 
11254 21548 
5556 28123 
11234 21490 
11868 20715 
8856 24039 
15267 16839 
9360 23405 
12185 20240 
11202 21291 
13589 18661 
12756 19555 
12103 20246 
11557 20787 
12304 19972 
11344 20973 
7322 25169 
8964 23365 
11747 20402 
7171 25074 
12730 19360 
9591 22516 
11012 21025 
14435 17580 
11174 20811 
9259 22695 
10147 21751 
7379 24441 
6874 24864 
8880 22846 
9966 21743 
7422 24095 
11515 20195 
8811 22639 
7485 23828 
6655 24490 
8960 22379 
9675 21684 
9078 22202 
12055 19526 
10242 21093 
8185 22888 
9041 22108 
12839 18752 
8209 22689 
11386 19944 
9849 21200 
6232 24152 
10839 20291 
8634 22075 
10705 20331 
9884 20958 
13166 18285 
7148 23020 
10741 20141 
8954 21503 
9687 20912 
8917 21482 
3289 25715 
10487 20190 
10381 20235 
11338 19491 
11266 19503 
9872 20469 
5810 23322 
15041 16701 
11946 18889 
10362 19966 
5531 23310 
5813 23020 
10411 19844 
2792 25026 
7069 22032 
11613 18938 
6694 22167 
10565 19579 
6159 22414 
12496 18264 
10680 19408 
2469 24533 
9366 20146 
9790 19846 
12181 18347 
2327 24303 
5063 22584 
13839 17307 
9977 19574 
10614 19183 
10626 19133 
6383 21511 
2910 23449 
10001 19391 
12049 18214 
8199 20297 
8772 19966 
11279 18564 
9171 19684 
5861 21440 
8768 19866 
13516 17330 
3280 22656 
10114 19043 
9128 19530 
8438 19826 
10573 18706 
15793 16115 
10526 18668 
8870 19459 
9976 18912 
13497 17205 
12784 17535 
4131 21606 
5917 20728 
5238 20998 
6263 20455 
6025 20529 
6241 20362 
10719 18345 
7415 19754 
10710 18297 
10229 18475 
5388 20521 
4168 20948 
14944 16452 
9466 18712 
7927 19326 
10946 18066 
10146 18368 
8222 19098 
4207 20643 
12163 17492 
11584 17708 
12215 17457 
11900 17555 
4648 20259 
1382 21406 
979 21495 
6512 19462 
14030 16715 
13259 16972 
7697 18877 
5111 19741 
5463 19548 
6941 19031 
8784 18398 
7279 18868 
11378 17518 
14798 16398 
6228 19115 
5638 19239 
4119 19663 
7575 18576 
3268 19826 
4079 19543 
6364 18846 
12038 17151 
4218 19381 
11911 17170 
10636 17505 
9827 17711 
3855 19278 
9774 17673 
10850 17370 
11846 17084 
11583 17123 
3411 19139 
7134 18191 
8330 17855 
9662 17492 
5363 18459 
6660 18126 
6089 18194 
14344 16368 
5189 18297 
12860 16663 
9611 17319 
11892 16826 
3941 18354 
11754 16828 
13939 16396 
13511 16470 
8205 17405 
8261 17358 
6721 17592 
9368 17125 
15014 16175 
10455 16913 
9622 17011 
8782 17104 
7303 17282 
4717 17597 
10378 16775 
11372 16626 
5856 17341 
4213 17527 
8977 16894 
1024 17794 
4094 17390 
5727 17175 
10528 16604 
7853 16863 
11362 16475 
977 17475 
11933 16383 
8704 16667 
6379 16853 
7470 16709 
5018 16872 
10364 16424 
6933 16663 
10078 16413 
8860 16486 
9497 16417 
11795 16247 
6117 16512 
8133 16389 
6201 16455 
12167 16161 
2586 16457 
8923 16216 
9272 16187 
7718 16207 
5693 16202 
10419 16094 
4245 16117 
9576 16035 
10 15988 
6070 15952 
10900 15970 
8409 15922 
12483 15962 
4243 15797 
7647 15811 
3778 15664 
9984 15811 
11382 15845 
2485 15505 
6348 15629 
8705 15698 
9684 15699 
2470 15281 
3423 15262 
7610 15460 
8378 15471 
2055 15005 
12024 15709 
4471 15105 
11636 15652 
12558 15723 
8197 15331 
5747 15066 
14605 15876 
7384 15139 
11142 15495 
106 14256 
9668 15293 
12512 15609 
10588 15370 
4913 14628 
11114 15393 
2021 14210 
3448 14371 
153 13871 
11975 15449 
168 13763 
10751 15251 
10666 15216 
11046 15246 
11138 15244 
11477 15277 
4384 14099 
1014 13494 
8802 14757 
13554 15573 
6253 14264 
8328 14604 
3294 13621 
8806 14631 
8585 14566 
8385 14516 
12219 15249 
9634 14689 
1718 13020 
10370 14796 
2303 12965 
2398 12897 
9894 14569 
6676 13777 
7865 14043 
14147 15547 
12540 15129 
12201 15023 
542 11917 
7761 13778 
4285 12756 
9138 14070 
10982 14559 
7282 13444 
12971 15102 
5224 12718 
13017 15082 
7126 13217 
12105 14758 
15552 15861 
12822 14953 
8955 13657 
6530 12829 
8501 13442 
877 10814 
10639 14157 
8919 13515 
14587 15499 
4415 11786 
3907 11546 
5268 11992 
12435 14657 
6596 12409 
14871 15571 
7753 12789 
6976 12464 
10537 13824 
7338 12509 
13495 14980 
10942 13916 
12538 14554 
10950 13864 
14776 15482 
7842 12489 
6688 11976 
14774 15469 
6233 11691 
8750 12745 
8930 12817 
10922 13683 
6851 11752 
7263 11883 
7308 11838 
5502 10914 
13675 14872 
11146 13615 
1684 8883 
6590 11275 
8297 12082 
5427 10588 
8347 12022 
8467 12025 
10044 12844 
10823 13226 
10426 12988 
13385 14576 
12070 13848 
12252 13920 
8691 11914 
2090 8119 
6816 10741 
7805 11268 
9747 12346 
8852 11805 
14726 15245 
4232 8885 
6138 10020 
13457 14445 
10341 12520 
7414 10689 
13692 14561 
14420 15009 
2525 7398 
11156 12871 
12351 13615 
8864 11292 
13390 14271 
3894 7887 
12669 13757 
9784 11793 
12488 13595 
3711 7472 
10833 12402 
8203 10497 
4466 7835 
7439 9876 
11514 12778 
11631 12818 
13025 13826 
3800 6973 
12549 13434 
12265 13188 
7139 9247 
8150 9956 
7857 9654 
13060 13687 
11327 12289 
14460 14770 
9116 10474 
13086 13642 
11033 11943 
6308 8040 
9842 10891 
6162 7742 
13106 13565 
12117 12689 
4264 5930 
7275 8491 
11980 12523 
10448 11175 
4310 5799 
9763 10534 
7145 8144 
10469 11034 
4118 5304 
9265 9892 
8863 9496 
6146 6955 
12357 12626 
11429 11716 
10296 10621 
14711 14773 
7908 8275 
12563 12686 
7283 7548 
5162 5410 
11801 11875 
13519 13539 
10262 10260 
5981 5870 
4799 4593 
6082 5850 
5925 5646 
12284 12153 
11377 11156 
10758 10474 
7809 7268 
8908 8338 
7246 6454 
5712 4691 
13429 13143 
7566 6591 
10587 9917 
15118 14997 
11914 11316 
12312 11734 
11309 10510 
10396 9360 
13584 13111 
12525 11804 
6800 4845 
13477 12900 
9985 8566 
12891 12146 
12045 11060 
14375 13947 
11123 9778 
11237 9894 
13264 12475 
10511 8858 
15061 14763 
9299 7128 
9377 7179 
12521 11343 
13049 12040 
11570 9984 
12242 10835 
12828 11626 
13275 12207 
14134 13383 
6762 2952 
13514 12459 
9129 6175 
13965 13058 
7756 3931 
9963 7117 
11818 9777 
10215 7299 
9733 6545 
8788 5061 
11955 9845 
8934 5107 
13929 12775 
8046 3597 
10071 6630 
10338 6979 
13871 12554 
12002 9453 
13530 11928 
13147 11277 
12384 9969 
11245 7953 
12660 10271 
13120 11025 
14893 14060 
13308 11239 
12137 9101 
12698 10066 
13295 11091 
11888 8481 
12108 8835 
12348 9240 
10911 6449 
12938 10190 
13624 11421 
12674 9491 
13371 10797 
11360 6678 
9919 3642 
14514 12933 
14840 13569 
9156 1551 
15100 14075 
13622 10852 
10185 3266 
13902 11342 
14683 13061 
9563 1628 
14609 12848 
12217 7372 
11738 6115 
12541 7831 
12555 7747 
13257 9352 
14059 11247 
12191 6645 
13241 9179 
13026 8551 
12071 6096 
13910 10690 
12603 7237 
13779 10183 
15595 14908 
15389 14335 
12800 7204 
14607 12126 
14621 12098 
13219 8077 
12763 6666 
14833 12561 
13991 10001 
11432 2099 
15237 13625 
12870 6251 
14671 11798 
12642 5211 
12877 5854 
12626 4793 
12524 4393 
13638 7919 
15254 13413 
12813 4800 
12377 2990 
14397 10202 
12296 2377 
13718 7470 
14225 9280 
14047 8558 
13455 6070 
12942 3985 
12858 3445 
15438 13720 
14269 8872 
13016 3499 
14115 7876 
14262 8359 
14531 9475 
13555 4913 
14731 10044 
15057 11418 
15031 11227 
13199 1997 
14244 6897 
14439 7744 
13311 1430 
15255 11862 
15848 15100 
14517 7291 
14167 4849 
14816 8699 
13467 213 
14138 4231 
14593 6811 
15529 12793 
14971 8772 
14850 7572 
14843 7183 
13968 140 
14988 7895 
14097 124 
15768 13894 
14663 4040 
15166 8134 
15162 7646 
15469 10308 
15519 10741 
15051 5409 
15419 9233 
14947 3194 
15273 6501 
15696 11825 
15482 8403 
15737 11673 
15581 9006 
15534 7841 
15658 9667 
15707 10256 
15511 5961 
15638 7447 
15906 13433 
15831 10860 
15718 6614 
15732 5464 
15944 13214 
15870 8430 
16001 15310 
15927 6374 
15899 73 
15987 4860 
16038 6328 
16044 12439 
16118 9331 
16137 9929 
16263 5595 
16300 5839 
16307 7534 
16534 3225 
16240 10633 
16414 7163 
16375 8297 
16571 5203 
16719 3320 
16410 9078 
16600 6393 
16377 10402 
16075 15053 
16950 3279 
17005 3281 
16990 3789 
16954 4910 
17234 2606 
16289 13093 
17316 2999 
16438 11979 
16998 6866 
16434 12238 
16420 12514 
16633 10872 
16483 12181 
16352 13367 
17133 7524 
17961 1465 
16937 9230 
17732 3906 
17245 7594 
17072 9068 
16560 12515 
17625 6118 
18231 2813 
17017 10109 
16878 11006 
16443 13582 
16896 11122 
18752 1060 
16490 13444 
17827 6642 
17179 10128 
17575 8385 
17041 11096 
16945 11616 
17872 7338 
16440 14046 
18654 4008 
17830 7948 
18723 4322 
17875 8111 
16062 15793 
16046 15860 
17920 8346 
18154 7553 
17188 11471 
20060 531 
17339 10973 
17380 10886 
17247 11420 
16658 13631 
17364 11083 
20207 990 
17817 9591 
19916 2383 
17352 11421 
17409 11250 
16613 13977 
19431 4583 
17658 10543 
18957 6350 
19082 6128 
18890 6824 
17846 10215 
19010 6742 
19782 4604 
17972 10162 
18703 8089 
18413 9086 
19232 6837 
18341 9505 
19463 6412 
18568 8981 
19007 7831 
20014 5125 
20826 3011 
19659 6202 
20186 4827 
17493 12103 
19598 6743 
20703 4070 
21903 1134 
19023 8546 
19980 6248 
18788 9305 
19115 8566 
16649 14490 
18877 9240 
21214 3812 
19642 7598 
19586 7841 
20195 6600 
20490 6009 
19513 8315 
18160 11337 
20629 6008 
19198 9150 
18095 11557 
18249 11270 
20649 6298 
19572 8581 
16909 14144 
19583 8635 
19986 7828 
19849 8140 
19560 8781 
18147 11697 
19090 9817 
21504 5026 
19750 8616 
20061 8117 
20372 7602 
17169 13788 
21042 6505 
22076 4608 
23586 1917 
16625 14881 
22683 3949 
19053 10571 
21077 7038 
20551 8020 
21702 6064 
18668 11401 
18484 11763 
17082 14195 
20430 8624 
19225 10702 
22466 5487 
16862 14627 
19044 11128 
21737 6861 
17914 13011 
19919 9939 
20298 9407 
17235 14142 
18367 12457 
20691 9043 
20701 9084 
23089 5615 
20283 9795 
24005 4516 
19379 11188 
20949 9004 
19683 10828 
23394 5645 
19436 11249 
20403 9924 
18717 12272 
23365 5988 
20761 9562 
19680 11071 
21850 8172 
22985 6697 
22409 7580 
18098 13278 
23167 6760 
21409 9055 
18681 12603 
25907 3438 
17256 14445 
22531 7882 
25203 4592 
18454 13011 
25832 4080 
20010 11167 
18279 13295 
22702 8109 
24080 6550 
17167 14657 
17838 13894 
21087 10199 
19266 12333 
24706 6286 
23842 7333 
21121 10378 
21514 9979 
22004 9481 
20602 11045 
16120 15891 
20615 11140 
23252 8409 
24692 7011 
19862 12042 
24993 6844 
23232 8698 
24882 7108 
20978 11053 
23053 9006 
20686 11405 
20155 11970 
22908 9312 
20780 11435 
18503 13633 
21096 11189 
20163 12100 
19932 12347 
19356 12926 
21268 11225 
22866 9826 
19414 12970 
24521 8491 
23375 9589 
25620 7655 
23502 9575 
19455 13083 
23946 9332 
23608 9670 
24786 8720 
20595 12229 
23778 9685 
17859 14512 
19682 13063 
21428 11695 
20452 12489 
22615 10815 
18051 14414 
16745 15440 
21880 11476 
21368 11903 
22575 11033 
23166 10624 
25892 8661 
24794 9513 
21546 11931 
25750 8885 
24600 9777 
24791 9700 
20295 12944 
24562 9973 
25497 9339 
22482 11482 
20324 13003 
20355 13005 
24250 10351 
23540 10908 
18697 14213 
29333 7150 
19593 13652 
21871 12179 
26956 8911 
25841 9698 
24529 10591 
29541 7471 
24059 11003 
20922 12971 
24088 11055 
23847 11243 
22269 12231 
23187 11706 
27324 9320 
19902 13722 
25455 10486 
22102 12469 
19172 14196 
23691 11655 
29162 8588 
25094 10944 
30002 8250 
23575 11861 
20301 13684 
21402 13126 
27580 9910 
23244 12246 
23426 12204 
21464 13230 
26486 10730 
21585 13235 
25478 11370 
25758 11280 
26182 11148 
24595 11966 
20242 14048 
23263 12665 
22244 13145 
22523 13031 
21327 13599 
20677 13928 
19577 14439 
23505 12722 
19745 14390 
24291 12479 
25546 12011 
