800 
10264 13314 
9922 12672 
10513 14210 
10171 13527 
9486 11822 
9086 10823 
9041 10817 
9454 12082 
9061 10997 
9064 11045 
8928 10687 
9156 11393 
8477 9446 
10400 15550 
8299 8965 
8440 9493 
9054 11668 
8993 11560 
9047 11879 
8956 11651 
8855 11383 
9321 13462 
8046 8162 
9039 12610 
9217 13513 
9005 12776 
8382 9932 
8602 11107 
8624 11363 
8577 11179 
8498 10856 
9058 14595 
8913 13888 
8571 11799 
8728 13356 
8436 11578 
8432 11654 
8223 9872 
8159 9475 
8427 12489 
8484 13838 
8339 12617 
8316 12374 
8270 12273 
8084 9334 
8165 11598 
8146 12587 
8117 12422 
8037 10645 
8004 10099 
7983 9883 
7962 10351 
7883 12756 
7953 9832 
7872 12318 
7911 10959 
7866 11288 
7699 13664 
7831 10999 
7772 11314 
7782 10795 
7941 8741 
7408 14278 
7881 9323 
7612 11843 
7537 12512 
7298 14628 
7833 9539 
7413 13140 
7613 11168 
7555 11512 
7480 11804 
7645 10500 
7544 11166 
7427 11590 
7423 11535 
7396 11524 
6941 14028 
7222 12246 
7068 12879 
7280 11720 
7672 9647 
6760 13659 
6432 14890 
7452 10301 
7465 10239 
7832 8695 
6973 11870 
6204 14523 
7384 10233 
6887 11945 
6699 12387 
6560 12807 
6720 12089 
6623 12272 
7214 10396 
6029 13783 
7021 10847 
6397 12585 
7510 9399 
6703 11500 
6138 12911 
7117 10298 
6121 12764 
7436 9444 
6057 12801 
5064 15076 
6498 11620 
5805 13149 
6737 10943 
5328 14172 
5644 13311 
5865 12797 
6648 10984 
6934 10302 
5944 12275 
6869 10348 
7070 9882 
6377 11158 
6449 11010 
7322 9320 
5393 12860 
7679 8609 
7107 9595 
6109 11239 
4443 13957 
6473 10552 
5310 12331 
6521 10327 
6290 10629 
4630 12998 
4872 12523 
5135 12114 
5928 10967 
6200 10503 
5139 11864 
5801 10959 
6233 10329 
6461 10013 
5577 11105 
6367 10042 
5857 10669 
5367 11265 
3365 13625 
6436 9875 
6552 9725 
3914 12788 
5693 10700 
7284 8839 
4565 11920 
4167 12353 
6439 9777 
5097 11215 
6866 9248 
4323 11937 
5348 10833 
5245 10885 
5763 10338 
4335 11797 
5649 10398 
4248 11757 
5955 10025 
4249 11607 
6662 9278 
4750 10990 
4204 11392 
4446 11136 
3327 12047 
5864 9809 
3593 11699 
5147 10387 
4740 10703 
3944 11344 
5483 10056 
5957 9668 
4870 10487 
3537 11521 
4007 11092 
4576 10592 
4244 10797 
4884 10287 
2848 11713 
2842 11636 
5400 9794 
3705 10877 
4754 10127 
3049 11161 
4776 10030 
6485 8956 
3811 10551 
5996 9207 
3648 10527 
3690 10482 
7081 8538 
1559 11559 
3348 10489 
4388 9906 
3903 10096 
3573 10218 
5223 9356 
7052 8470 
5170 9349 
4999 9378 
3618 9935 
6171 8810 
3316 10033 
3653 9847 
3872 9733 
6082 8797 
6414 8648 
2231 10272 
873 10692 
5164 9034 
3828 9450 
2884 9768 
7257 8259 
4913 9007 
4105 9247 
4808 8977 
6350 8502 
1581 9906 
2648 9572 
7116 8259 
4061 9105 
2210 9606 
4463 8954 
2649 9412 
3068 9265 
5337 8682 
1746 9521 
2486 9311 
3248 9114 
4586 8800 
2582 9258 
3342 9027 
2510 9128 
4521 8714 
5426 8526 
4361 8719 
5870 8421 
4127 8710 
5425 8453 
4502 8591 
4517 8548 
5335 8409 
4376 8509 
6415 8220 
4560 8462 
3768 8562 
6088 8234 
5330 8293 
2462 8578 
2398 8553 
4936 8267 
2968 8372 
5684 8154 
3423 8269 
4179 8211 
6738 8066 
119 8269 
1301 8173 
2999 8094 
2788 8028 
3363 7972 
1405 7888 
1754 7842 
4756 7891 
3001 7777 
2508 7712 
3382 7693 
2991 7652 
3156 7639 
4975 7769 
8010 8010 
5695 7795 
6072 7816 
4638 7653 
6516 7833 
5526 7688 
6967 7862 
5379 7629 
5397 7624 
4492 7450 
4783 7472 
5350 7551 
4261 7315 
3498 7127 
2941 6983 
2751 6938 
5814 7546 
3166 6917 
7391 7866 
7265 7828 
6487 7626 
3497 6809 
1548 6189 
4988 7119 
3447 6654 
4021 6806 
4062 6756 
5322 7120 
2174 5986 
3810 6523 
1909 5797 
6324 7396 
3787 6455 
5677 7120 
4254 6561 
5025 6842 
5364 6936 
4316 6453 
1962 5406 
5085 6742 
4625 6506 
4447 6394 
4489 6374 
2465 5394 
5120 6625 
3143 5619 
4909 6429 
3246 5567 
3503 5641 
5765 6815 
4708 6208 
2184 4789 
4879 6223 
6235 6980 
6490 7100 
6004 6799 
5050 6176 
5144 6183 
4594 5790 
3940 5344 
3647 5118 
5491 6332 
3272 4775 
3623 5001 
1466 3407 
3073 4518 
6365 6840 
4969 5831 
3823 5000 
4923 5776 
2053 3641 
7206 7414 
3967 4938 
4407 5243 
6988 7220 
4372 5128 
4531 5199 
5503 5940 
5641 6007 
4819 5242 
7077 7184 
2177 2720 
6403 6549 
6725 6822 
4112 4399 
4043 4286 
5989 6065 
3856 3968 
5558 5576 
4960 4959 
7185 7170 
6984 6958 
4881 4709 
3592 3305 
4187 3862 
3461 3031 
4503 4087 
4996 4599 
5478 5134 
6195 5893 
4418 3701 
4172 3309 
5562 4980 
5008 4213 
4237 3185 
5550 4854 
4226 3137 
6714 6300 
4959 3917 
6107 5393 
5838 4947 
6957 6494 
4815 3319 
5062 3589 
4457 2666 
4509 2707 
5016 3456 
6456 5588 
5543 4148 
6998 6385 
6069 4818 
7667 7438 
5089 3064 
4781 2524 
6285 5021 
6068 4620 
5370 3318 
5722 3928 
7837 7697 
6359 4992 
6342 4881 
5817 3787 
5098 2318 
5827 3720 
7492 6970 
6243 4346 
6597 5026 
5585 2724 
6492 4605 
6754 5121 
7432 6634 
7329 6383 
6191 3483 
6142 3171 
6709 4596 
6146 2932 
6225 2983 
7886 7647 
6294 2842 
7124 5273 
6843 4215 
6841 4040 
6572 2976 
6838 3721 
7245 5129 
6630 2568 
6685 2702 
6718 2812 
6411 1212 
7721 6764 
6786 2569 
6859 2755 
7456 5425 
7311 4580 
7211 3786 
7339 4220 
7625 5815 
6944 1713 
7540 5161 
7114 2056 
7714 5913 
7580 4793 
7794 6243 
7430 3032 
7389 1906 
7630 3668 
7677 3841 
7553 2042 
7751 4290 
7557 1109 
7746 3907 
7743 2845 
7851 4620 
7873 4909 
7906 5096 
7957 6025 
7892 2685 
7963 5366 
7992 3513 
8042 3856 
8112 3345 
8164 2137 
8122 4457 
8194 3902 
8196 4538 
8234 4591 
8157 6172 
8471 2733 
8523 2714 
8393 4256 
8538 3197 
8230 6128 
8720 2412 
8402 5225 
8746 3201 
8619 4365 
8364 6043 
8579 4865 
8666 4616 
8699 4671 
9103 2852 
8815 4469 
8252 6994 
8636 5504 
9135 3711 
9417 2893 
8542 6100 
8970 4606 
9053 4356 
8656 5762 
8988 4773 
9628 2908 
9726 2708 
8808 5552 
9367 4032 
9087 4988 
9059 5156 
8971 5433 
9946 2865 
8932 5599 
9584 3992 
9773 3670 
10032 3125 
9779 3808 
9228 5230 
9006 5779 
9724 4217 
9968 3742 
9711 4361 
10634 2450 
10329 3226 
8731 6541 
10411 3132 
10012 4048 
10747 2674 
9653 4880 
10441 3509 
9597 5157 
10169 4230 
10903 3081 
9152 6076 
10488 3950 
10232 4457 
10757 3718 
11699 2306 
9870 5153 
10913 3616 
9599 5671 
9161 6327 
11781 2604 
12277 2055 
10351 4812 
9844 5554 
11562 3329 
11303 3743 
9551 6070 
8286 7668 
12192 2950 
9380 6379 
11419 4035 
11465 4020 
10587 5108 
10413 5366 
11734 3920 
10215 5633 
11494 4300 
11545 4271 
11180 4722 
12107 3879 
11558 4452 
8968 7075 
12426 3711 
10661 5487 
10253 5903 
12234 4138 
8923 7185 
10131 6110 
13619 3026 
13246 3385 
11187 5258 
11864 4769 
11620 5050 
10700 5822 
11080 5570 
8877 7330 
12674 4458 
14394 3189 
11270 5615 
12751 4572 
10291 6399 
9860 6736 
12109 5211 
11176 5908 
10716 6243 
11508 5755 
10393 6512 
9990 6788 
11117 6128 
12740 5151 
11201 6123 
11249 6102 
10111 6798 
10377 6659 
12958 5231 
12247 5640 
13911 4743 
11013 6384 
11209 6326 
11264 6350 
11868 6069 
11094 6468 
10675 6694 
13341 5391 
11130 6503 
9688 7208 
11359 6469 
12135 6167 
13774 5481 
12706 6021 
10298 7052 
12429 6233 
12855 6105 
11500 6668 
11712 6627 
12359 6423 
12407 6473 
10862 7052 
11299 6911 
13073 6324 
13050 6408 
11735 6853 
10344 7301 
10442 7277 
12172 6782 
11215 7070 
11640 6959 
12046 6865 
12675 6700 
11243 7127 
11518 7061 
12584 6828 
10702 7356 
10832 7350 
8556 7888 
10979 7372 
12524 7096 
9759 7665 
10406 7543 
12560 7136 
14816 6786 
9865 7703 
9331 7806 
11539 7481 
11615 7490 
13502 7272 
12505 7411 
10509 7704 
10348 7729 
15385 7222 
11596 7679 
8469 7970 
14307 7492 
12669 7646 
12427 7682 
9222 7923 
13326 7685 
11935 7798 
10498 7881 
10284 7903 
8802 7984 
11681 7909 
12072 7945 
10081 8002 
11433 8018 
9412 8031 
12776 8095 
13866 8142 
11171 8110 
14249 8274 
9044 8067 
12982 8299 
11707 8270 
10381 8193 
12494 8391 
11663 8330 
11686 8383 
12732 8505 
13387 8642 
11491 8445 
12353 8573 
13713 8824 
13747 8854 
10453 8389 
11755 8614 
12465 8759 
13040 8928 
12350 8863 
12693 8941 
12284 8894 
8152 8040 
13090 9174 
14832 9673 
13263 9320 
10637 8680 
13489 9454 
10836 8769 
10360 8661 
12542 9273 
10732 8799 
14193 9814 
10695 8818 
13559 9729 
13000 9564 
10020 8662 
13579 9898 
11033 9070 
9529 8558 
9334 8505 
13552 10162 
13067 10024 
10905 9172 
12025 9672 
10275 8973 
8791 8350 
9763 8797 
10983 9383 
11666 9706 
12052 9949 
12009 9974 
10955 9463 
11828 9921 
12399 10267 
11549 9894 
13433 10921 
11373 9871 
10424 9378 
9810 9039 
13157 11004 
11493 10074 
10419 9468 
11466 10112 
12329 10677 
13248 11304 
11519 10289 
9609 9069 
10287 9529 
12374 10975 
10490 9741 
9284 8923 
11115 10291 
10147 9617 
11691 10798 
11660 10839 
11362 10688 
13188 12183 
12945 12089 
8760 8634 
10522 10125 
12232 11601 
11312 10837 
11623 11173 
12151 11694 
11338 10999 
10799 10590 
13155 12895 
10059 10004 
9639 9629 
9514 9547 
10021 10111 
10662 10788 
10196 10339 
9747 9880 
10647 10914 
10924 11259 
11851 12382 
10758 11228 
11496 12169 
9296 9550 
10076 10516 
10042 10518 
10204 10754 
10642 11376 
9182 9532 
11102 12130 
8914 9223 
9378 9897 
10268 11192 
11716 13283 
10060 11019 
9853 10776 
12419 14684 
9740 10687 
9582 10455 
8803 9250 
8204 8315 
10202 11488 
11317 13270 
9496 10440 
10499 12197 
11056 13211 
10607 12553 
9404 10459 
9098 9972 
11444 14311 
11250 14125 
10061 11929 
10693 13178 
10330 12524 
9314 10563 
8126 8239 
9791 11642 
9336 10720 
11473 15221 
9899 12065 
9629 11526 
8409 8890 
10044 12617 
