1600 
23751 14560 
24832 14399 
24998 14403 
23466 14703 
23718 14692 
24211 14640 
25238 14505 
23883 14755 
24677 14664 
23453 14885 
23041 14974 
23228 14977 
24181 14875 
25142 14780 
24350 14924 
22979 15131 
22654 15194 
23427 15123 
23854 15105 
23993 15115 
24084 15132 
23058 15276 
24094 15198 
23774 15260 
25271 15148 
23837 15307 
23844 15342 
23912 15371 
23201 15458 
24780 15374 
23694 15480 
22180 15606 
23863 15527 
24898 15498 
25331 15504 
24922 15558 
22700 15701 
24464 15649 
24912 15670 
22225 15793 
25840 15702 
23986 15788 
23790 15826 
24190 15852 
24856 15877 
24941 15905 
23992 15948 
23588 15986 
25972 16014 
23305 16038 
24506 16077 
23310 16099 
23048 16126 
24168 16181 
23951 16204 
23908 16234 
25258 16306 
25252 16342 
22859 16288 
24040 16373 
24381 16421 
23501 16411 
23585 16443 
25021 16566 
22967 16463 
22948 16487 
24594 16640 
22670 16528 
23640 16630 
23328 16638 
25203 16838 
24620 16819 
24692 16856 
23788 16795 
24608 16906 
25128 16998 
23191 16813 
23391 16867 
24645 17052 
23287 16922 
24387 17089 
23532 17006 
24822 17208 
22338 16894 
25749 17408 
24648 17291 
24003 17230 
24378 17324 
24118 17320 
23653 17272 
24385 17427 
24089 17412 
22468 17160 
23948 17458 
22827 17283 
23742 17490 
24157 17607 
23638 17538 
24306 17706 
23865 17648 
23389 17574 
22838 17486 
24069 17791 
22881 17555 
22804 17570 
22856 17611 
23923 17893 
24586 18093 
24468 18101 
23721 17943 
23110 17819 
24690 18263 
24609 18275 
23683 18058 
23325 17990 
23567 18087 
23827 18191 
23275 18062 
24301 18394 
22886 18020 
22216 17846 
23663 18300 
24073 18461 
22923 18138 
23219 18265 
23641 18431 
24031 18595 
22806 18233 
22751 18244 
24057 18714 
22736 18300 
24965 19092 
24502 18966 
24243 18911 
23656 18744 
23395 18683 
22137 18254 
23206 18677 
22815 18560 
24840 19355 
22659 18553 
23602 18948 
23211 18827 
24311 19292 
22837 18741 
23341 18976 
24509 19489 
22505 18703 
22917 18908 
23300 19097 
24384 19598 
22594 18858 
23569 19322 
23032 19120 
23621 19424 
24246 19744 
22259 18870 
22809 19156 
23342 19432 
23382 19489 
23725 19691 
22803 19281 
23487 19640 
23188 19532 
22644 19299 
23514 19775 
23309 19703 
25337 20766 
23150 19680 
22653 19460 
23173 19766 
22451 19423 
23594 20063 
22020 19251 
23249 19944 
23339 20033 
22264 19471 
23014 19924 
22592 19717 
22224 19544 
22460 19711 
22532 19783 
22811 19983 
22421 19794 
22440 19842 
21404 19256 
22785 20128 
23833 20814 
24836 21471 
22376 19979 
23175 20519 
23124 20530 
23813 21015 
23496 20852 
23491 20897 
22582 20333 
22473 20291 
22854 20579 
21969 20021 
24213 21585 
22641 20554 
22181 20276 
23174 21008 
22425 20520 
21795 20107 
23003 21007 
22647 20793 
22708 20870 
22240 20563 
22581 20857 
21747 20276 
21537 20149 
22245 20721 
22168 20702 
23008 21390 
22188 20798 
21884 20597 
23772 22120 
21938 20712 
23076 21663 
22142 20955 
21434 20422 
22390 21247 
21697 20713 
22073 21070 
23680 22463 
21513 20680 
22528 21578 
22864 21916 
22256 21443 
22567 21765 
22695 21916 
22719 21988 
21614 21046 
20989 20517 
20427 20035 
23015 22440 
22363 21880 
22124 21706 
22119 21740 
21155 20873 
22325 22035 
22085 21845 
22794 22577 
21519 21380 
21661 21566 
21982 21922 
22633 22621 
22551 22593 
21511 21591 
20773 20880 
22098 22289 
21479 21694 
21622 21890 
20698 20955 
22069 22451 
20762 21099 
22191 22689 
22287 22847 
21443 21972 
22650 23345 
21169 21756 
21117 21748 
20715 21331 
20185 20773 
21846 22721 
22118 23086 
20319 21044 
21374 22330 
20468 21297 
21544 22630 
21212 22274 
21029 22111 
21006 22126 
20997 22168 
21390 22712 
20745 21964 
21192 22582 
21492 23010 
21025 22470 
20700 22098 
21184 22776 
20732 22244 
21246 22974 
20850 22495 
20934 22669 
19507 20783 
20680 22433 
21146 23131 
20800 22708 
20434 22254 
20661 22627 
19791 21435 
20653 22721 
20283 22236 
20647 22823 
21305 23849 
20200 22270 
20637 22981 
21611 24530 
19932 22037 
20458 22907 
19625 21657 
20054 22372 
20027 22381 
20332 22921 
20048 22535 
20089 22660 
20565 23498 
20770 23899 
20533 23571 
19981 22699 
19343 21668 
20323 23403 
20220 23281 
20034 23030 
19812 22710 
19727 22628 
19540 22355 
19587 22511 
19645 22672 
20132 23623 
18962 21517 
20041 23610 
19980 23576 
19992 23666 
19982 23727 
19393 22652 
19505 22948 
19604 23210 
19140 22351 
19148 22430 
19978 24215 
19666 23649 
19643 23673 
19638 23745 
19414 23334 
19958 24598 
20125 25041 
19565 23890 
18709 22048 
19011 22808 
19017 22892 
19904 24999 
18945 22869 
18828 22662 
18923 22951 
18827 22782 
19182 23719 
19394 24347 
19083 23664 
18502 22278 
18924 23433 
18681 22900 
19047 23949 
18645 22993 
18701 23215 
18489 22739 
18975 24160 
18579 23175 
18729 23697 
18690 23686 
18316 22687 
18511 23352 
18722 24077 
18426 23279 
18232 22771 
17997 22143 
18798 24720 
18245 23101 
18345 23503 
18432 23873 
18227 23299 
18485 24269 
18190 23394 
17903 22499 
18382 24263 
18091 23364 
18315 24304 
18302 24361 
18443 25031 
18288 24579 
18276 24690 
18218 24589 
18097 24266 
17831 23351 
17838 23524 
17836 23621 
17712 23243 
18313 26005 
17578 22916 
17735 23770 
17907 24718 
17857 24623 
17624 23670 
17725 24300 
17448 23124 
17621 24147 
17709 24736 
17495 23773 
17362 23209 
17618 24748 
17508 24347 
17415 24038 
17288 23455 
17357 24077 
17063 22451 
17519 25504 
17193 23629 
17207 23885 
17037 22965 
16951 22539 
17080 23631 
17231 24961 
17267 25462 
17103 24492 
17039 24263 
16970 23934 
16924 23793 
16865 23531 
16754 22821 
16832 23831 
16718 23005 
16762 23804 
16726 23791 
16635 23157 
16693 24238 
16663 24237 
16557 23214 
16537 23314 
16561 24110 
16527 24009 
16583 25497 
16414 23241 
16393 23415 
16468 25584 
16380 24339 
16405 25623 
16320 24492 
16233 22760 
16297 26127 
16263 26112 
16177 23762 
16138 23342 
16121 24384 
16083 23426 
16049 22902 
16028 23224 
15995 24626 
15961 24163 
15919 24806 
15871 25388 
15860 23759 
15812 24779 
15775 25103 
15762 24340 
15743 23868 
15757 22604 
15677 23997 
15619 24645 
15540 25460 
15556 24382 
15613 22849 
15482 24453 
15489 23910 
15512 23224 
15510 22824 
15349 24591 
15365 23985 
15368 23587 
15363 23297 
15320 23474 
15113 25288 
15209 24023 
15120 24608 
15125 24281 
15155 23739 
15097 23974 
15025 24286 
14928 24781 
14880 24894 
14863 24747 
15002 23466 
14897 24050 
14755 24844 
14878 23732 
14794 24070 
15015 22447 
14851 23321 
14676 24176 
14828 23056 
14527 24681 
14619 23989 
14510 24397 
14801 22633 
14686 23135 
14333 24876 
14434 24154 
14417 24084 
14314 24424 
14630 22717 
14235 24482 
14347 23772 
13948 25489 
14168 24313 
14149 24273 
14000 24745 
13811 25393 
13949 24666 
14214 23434 
14014 24100 
13867 24531 
14191 23122 
13734 24781 
13808 24385 
14002 23524 
13780 24246 
13775 24143 
13809 23885 
13921 23385 
13912 23327 
14253 22038 
13347 24990 
13789 23393 
13439 24436 
13639 23681 
13968 22535 
13477 24004 
13385 24166 
13257 24462 
13490 23659 
13499 23533 
13702 22834 
13250 24059 
13256 23939 
13342 23591 
13497 23073 
13050 24218 
13070 24056 
12981 24208 
13048 23946 
13297 23191 
12913 24118 
12959 23919 
13172 23275 
12813 24103 
13067 23370 
12965 23544 
12626 24272 
12874 23570 
13124 22905 
13027 23050 
12974 23086 
12979 23010 
12950 23002 
12837 23195 
13315 22038 
12992 22677 
12350 24008 
13177 22142 
13088 22259 
12788 22840 
12557 23270 
12791 22708 
12302 23639 
12355 23461 
12458 23166 
13030 21959 
12307 23332 
12835 22219 
12771 22292 
11709 24275 
12448 22781 
12007 23535 
12263 22975 
12625 22247 
11880 23560 
12375 22591 
12040 23133 
11668 23715 
12634 21944 
11670 23562 
12037 22854 
12304 22336 
11967 22839 
11502 23561 
12035 22610 
12392 21971 
10688 24697 
11338 23573 
11690 22943 
11401 23331 
11686 22809 
12246 21876 
11473 23027 
12420 21525 
10743 24040 
11501 22827 
11798 22317 
11869 22166 
11674 22409 
11944 21964 
11148 23080 
10737 23606 
11242 22828 
10621 23653 
11124 22881 
11058 22925 
11560 22173 
11293 22480 
10746 23168 
10653 23235 
11348 22247 
11251 22327 
10183 23674 
11284 22178 
10896 22628 
10922 22545 
12042 21071 
11395 21844 
10442 22994 
10985 22265 
11302 21824 
10866 22313 
11437 21567 
10728 22385 
10796 22255 
10454 22619 
11130 21778 
10719 22224 
10508 22414 
10520 22351 
11095 21651 
10556 22224 
10273 22491 
10238 22484 
11394 21143 
10670 21900 
10345 22210 
11137 21297 
9414 23104 
10322 22080 
10655 21683 
10049 22275 
10330 21925 
9703 22527 
10717 21442 
11132 20980 
9576 22521 
10453 21596 
11053 20959 
10397 21576 
10136 21783 
10258 21623 
10892 20971 
10167 21625 
10809 20975 
9869 21819 
10369 21305 
9733 21854 
9717 21819 
9888 21616 
10401 21103 
9680 21704 
10179 21213 
10624 20779 
9177 22011 
10614 20714 
11544 19871 
8997 22034 
11046 20234 
10647 20531 
9085 21795 
8796 21980 
8595 22103 
9587 21254 
8800 21854 
9283 21422 
9728 21020 
9218 21384 
9394 21198 
8466 21878 
9301 21180 
9711 20824 
8508 21697 
8411 21725 
9788 20653 
10033 20432 
11297 19473 
9896 20460 
9530 20690 
9185 20906 
8478 21370 
9005 20960 
10462 19899 
9708 20391 
9345 20610 
8279 21299 
9183 20645 
9822 20182 
10214 19879 
9443 20355 
9096 20541 
10266 19737 
9009 20515 
9994 19849 
9490 20138 
8425 20765 
8983 20375 
8450 20658 
8887 20353 
9262 20085 
8839 20301 
9250 20023 
8957 20162 
8315 20505 
10704 19081 
7341 20986 
8451 20313 
8529 20224 
8074 20442 
9182 19784 
8482 20130 
10112 19202 
8217 20193 
8648 19922 
8227 20106 
8847 19738 
8357 19947 
8953 19608 
9320 19382 
8352 19840 
9265 19349 
8355 19760 
9488 19174 
8048 19836 
8305 19674 
7128 20199 
8668 19436 
8661 19408 
7550 19882 
8944 19211 
9856 18766 
8270 19440 
8514 19299 
9087 19013 
8189 19361 
8456 19205 
9033 18927 
8874 18966 
7632 19442 
8559 19025 
7190 19532 
8465 18982 
8760 18829 
8014 19082 
9417 18516 
7883 19062 
8762 18703 
8910 18617 
7367 19139 
9353 18391 
9148 18430 
8224 18726 
7546 18930 
8486 18577 
6958 19065 
8670 18458 
8873 18356 
8281 18521 
8713 18354 
6899 18897 
9255 18121 
8304 18382 
7513 18588 
7358 18603 
8759 18151 
7977 18351 
6492 18744 
7727 18355 
7917 18269 
7339 18400 
7841 18222 
9125 17848 
9302 17775 
8172 18042 
7736 18116 
7380 18167 
7973 17979 
9139 17670 
8225 17856 
7389 18015 
7114 18044 
8454 17705 
8110 17755 
7437 17870 
7940 17728 
9045 17464 
8033 17645 
9021 17411 
6483 17882 
6200 17891 
7952 17523 
8168 17447 
7295 17576 
8458 17331 
8209 17345 
8746 17229 
7836 17349 
8255 17245 
7968 17260 
8710 17117 
6948 17346 
8396 17098 
6508 17336 
8602 17011 
9626 16848 
6582 17211 
7472 17058 
7179 17056 
8915 16819 
7194 16982 
7306 16932 
7120 16912 
6965 16891 
7138 16834 
9001 16638 
8040 16688 
8368 16626 
7604 16651 
7071 16657 
8213 16537 
8198 16508 
8978 16429 
8973 16398 
6908 16483 
8379 16380 
7643 16383 
8424 16324 
8105 16310 
7691 16291 
7624 16255 
8565 16198 
7377 16192 
8758 16129 
8250 16107 
7189 16086 
7720 16055 
8951 16019 
8163 15986 
7280 15952 
8544 15934 
8254 15902 
7742 15864 
9387 15867 
7217 15779 
8177 15779 
8676 15760 
7445 15682 
7946 15667 
6938 15596 
7873 15611 
8455 15605 
7134 15497 
7483 15486 
7718 15468 
7530 15418 
8349 15439 
6476 15258 
7476 15303 
8045 15323 
8898 15366 
9162 15358 
8382 15254 
9478 15335 
8923 15245 
8697 15197 
9470 15253 
7842 15035 
8521 15085 
8414 15037 
8667 15042 
8362 14977 
7610 14846 
6944 14721 
7647 14791 
7964 14807 
6712 14585 
7937 14741 
8154 14745 
8538 14774 
5799 14272 
7068 14445 
7536 14497 
8271 14599 
7804 14485 
8767 14630 
6519 14157 
8394 14486 
7146 14201 
8881 14530 
8804 14489 
8681 14433 
6677 13958 
8870 14412 
8623 14327 
8850 14353 
8153 14163 
8581 14235 
8288 14139 
7839 14002 
9025 14261 
8047 13981 
9342 14280 
9260 14228 
8766 14073 
9598 14269 
8366 13907 
8968 14046 
8534 13896 
9060 14015 
9253 14043 
9519 14098 
7526 13476 
9257 13963 
7409 13367 
9093 13852 
9091 13817 
7443 13256 
8284 13487 
7656 13247 
7781 13250 
8316 13397 
7453 13060 
8764 13481 
9209 13601 
8347 13261 
9484 13643 
8960 13424 
8837 13350 
9327 13500 
8493 13159 
8445 13106 
9605 13520 
8652 13121 
9732 13515 
8835 13126 
8622 13009 
8449 12901 
8541 12910 
9153 13138 
10233 13567 
7675 12453 
9514 13202 
7395 12254 
8603 12740 
9104 12929 
9447 13054 
9288 12951 
9316 12934 
8383 12470 
9097 12764 
9456 12899 
7902 12120 
7821 12043 
8631 12396 
8982 12537 
8234 12136 
8829 12404 
10348 13144 
8184 12014 
9415 12613 
9388 12560 
9461 12561 
9189 12378 
8592 12020 
8685 12027 
8241 11752 
8054 11612 
10852 13128 
9040 12086 
8438 11711 
9883 12498 
10609 12885 
9281 12076 
8998 11871 
9548 12162 
8597 11550 
8734 11595 
8618 11491 
8609 11452 
9023 11665 
10190 12364 
8974 11563 
9107 11609 
8610 11256 
9445 11751 
10352 12313 
8077 10774 
10178 12132 
9197 11437 
10286 12137 
8030 10567 
8637 10934 
9997 11837 
9277 11298 
10927 12423 
9458 11347 
9786 11544 
10207 11811 
9492 11252 
9874 11495 
10469 11900 
9512 11153 
9640 11214 
9698 11224 
9862 11309 
9675 11131 
9992 11338 
9194 10680 
9269 10702 
9263 10653 
9668 10931 
10244 11352 
8515 9901 
9494 10653 
8768 10017 
9789 10823 
8958 10077 
10143 11030 
9431 10376 
9193 10129 
10407 11144 
9864 10632 
9783 10526 
9982 10666 
9834 10496 
10211 10789 
10127 10665 
9804 10325 
10567 10984 
11306 11636 
10716 11042 
10044 10376 
11179 11416 
10239 10478 
11079 11239 
10151 10305 
10399 10508 
10581 10638 
10766 10778 
10375 10336 
9472 9379 
10075 9951 
10188 10015 
10081 9855 
10174 9899 
10270 9948 
11100 10782 
10839 10457 
10404 9942 
9723 9147 
10449 9884 
10792 10222 
10685 10057 
10648 9974 
10972 10302 
10558 9788 
11267 10562 
10134 9203 
10884 10022 
11126 10260 
11061 10135 
10299 9171 
11631 10727 
11116 10053 
10829 9644 
10789 9547 
11526 10413 
10293 8819 
11289 10016 
11571 10329 
11514 10214 
11361 9974 
10824 9211 
11476 10019 
12086 10774 
11303 9672 
11291 9611 
11065 9250 
11528 9835 
11164 9281 
11600 9841 
10726 8550 
10902 8736 
12478 10931 
11858 9993 
12233 10499 
11350 9159 
11582 9455 
11573 9384 
11612 9384 
12064 10017 
11509 9106 
11696 9335 
12290 10206 
12497 10489 
11556 8946 
12544 10467 
12104 9709 
11520 8698 
11994 9420 
12519 10222 
11791 8959 
11665 8684 
11619 8537 
11965 9069 
11882 8872 
11997 9010 
12051 9031 
11818 8551 
11492 7895 
12154 9012 
12437 9459 
11781 8184 
12487 9427 
12440 9273 
12168 8688 
12130 8544 
11876 7974 
12218 8567 
13002 10055 
11939 7869 
12309 8548 
12633 9132 
12766 9346 
12702 9147 
12222 8057 
12282 8116 
13105 9788 
12843 9154 
12576 8505 
12718 8736 
12991 9279 
12332 7741 
12583 8235 
12380 7674 
12772 8505 
12531 7842 
12649 8016 
13079 8963 
12490 7466 
12676 7826 
12832 8121 
13097 8693 
13156 8768 
13114 8578 
13131 8524 
13241 8714 
12840 7548 
13276 8623 
13229 8396 
13517 9104 
13486 8942 
13449 8736 
13660 9267 
13544 8852 
13728 9303 
13523 8600 
13069 7128 
13278 7644 
13444 8025 
13398 7757 
13363 7546 
13625 8295 
13791 8744 
13542 7822 
13805 8573 
13850 8602 
13779 8253 
14048 9079 
13545 7175 
13536 7026 
13766 7752 
13795 7753 
13904 8043 
13914 7927 
13827 7470 
14113 8461 
14327 9214 
14033 7876 
13984 7527 
14189 8244 
14386 8971 
14344 8650 
14207 7869 
14406 8625 
14351 8248 
14529 8951 
14049 6490 
14107 6552 
14857 10176 
14523 8324 
14664 8917 
14640 8615 
14731 8924 
14532 7663 
14555 7576 
14569 7429 
14747 8317 
14715 7899 
14817 8370 
15057 9722 
14966 8907 
14889 8191 
15064 9187 
15124 9398 
14804 6699 
14921 7285 
15210 9356 
15023 7480 
15059 7475 
15211 8536 
15181 7913 
15239 8121 
15415 9661 
15274 7853 
15334 8172 
15298 7373 
15316 7234 
15412 8009 
15426 7676 
15505 8308 
15583 9083 
15555 8225 
15647 9388 
15588 7687 
15575 6717 
15728 9430 
15681 7585 
15742 8260 
15733 7109 
15779 7346 
15864 9442 
15866 7859 
15901 7609 
15933 6765 
15977 7483 
16015 8591 
16038 9483 
16070 8990 
16094 8870 
16152 7024 
16168 8263 
16199 8437 
16231 8490 
16251 8643 
16300 8195 
16303 8804 
16431 6661 
16461 6788 
16400 8519 
16478 7626 
16493 7910 
16485 8487 
16542 8003 
16597 7669 
16576 8437 
16628 8140 
16711 7570 
16743 7623 
16776 7674 
16777 8012 
17021 5931 
17012 6414 
16889 7934 
16828 8770 
16982 7720 
16831 9264 
16845 9375 
16916 9024 
17168 7357 
16985 8959 
17264 7230 
17040 9027 
17117 8704 
17277 7855 
17236 8315 
17254 8390 
17358 7927 
17699 6091 
17166 9389 
17280 8906 
17450 8167 
17325 9001 
17241 9575 
17348 9141 
17447 8783 
17597 8204 
18026 6308 
17531 8822 
17741 7995 
17830 7710 
17792 8001 
17622 8885 
17756 8430 
17398 10093 
17811 8489 
17759 8836 
17635 9458 
18224 7244 
17939 8505 
18028 8274 
18004 8485 
18216 7795 
18262 7743 
18391 7395 
18347 7703 
18523 7193 
18625 6972 
18617 7131 
18255 8472 
18317 8361 
18266 8633 
18726 7244 
18406 8372 
18195 9155 
18507 8267 
18774 7556 
18401 8777 
18815 7647 
18745 7967 
18275 9446 
18714 8287 
18660 8552 
18989 7728 
19242 7142 
18831 8356 
18903 8247 
19063 7922 
19573 6684 
18462 9678 
18779 8953 
19125 8174 
18727 9243 
19690 6970 
18937 8887 
19237 8251 
18670 9679 
18900 9221 
19800 7207 
18980 9177 
19325 8471 
19282 8634 
19303 8656 
19562 8148 
19041 9364 
18944 9641 
19054 9475 
19395 8810 
19453 8775 
19340 9070 
19554 8708 
19333 9243 
19271 9438 
19775 8507 
19080 9963 
19783 8654 
19786 8710 
20067 8240 
19515 9357 
19713 9037 
19416 9655 
20206 8239 
19919 8835 
20362 8084 
19629 9475 
20119 8645 
20244 8488 
20291 8472 
20177 8736 
20010 9082 
19907 9311 
19747 9633 
19351 10367 
20120 9133 
20055 9291 
20473 8666 
20013 9471 
20945 8028 
20758 8385 
20542 8802 
19769 10074 
20298 9304 
20028 9787 
20198 9570 
19798 10239 
20816 8761 
20923 8665 
20812 8897 
20217 9825 
20555 9392 
20110 10090 
20210 10005 
20608 9487 
19941 10473 
21101 8905 
20633 9603 
20729 9530 
19533 11211 
21281 8898 
20269 10312 
21237 9074 
20866 9615 
20943 9572 
21408 9027 
21346 9168 
20429 10386 
20457 10399 
21605 9011 
20670 10237 
21182 9654 
20834 10136 
21208 9732 
20806 10255 
21458 9532 
21426 9619 
20674 10544 
21109 10079 
21546 9626 
21150 10127 
21924 9303 
21945 9323 
21421 9961 
21369 10068 
20696 10848 
21224 10316 
21966 9567 
22135 9442 
20911 10794 
21751 9942 
21414 10334 
21861 9906 
22176 9627 
22107 9748 
20935 10995 
22255 9698 
21867 10129 
22163 9884 
20894 11185 
21307 10818 
21831 10341 
21900 10319 
21764 10500 
22060 10267 
21444 10897 
21943 10476 
22369 10116 
21388 11065 
21615 10893 
21327 11190 
22068 10557 
21724 10909 
22486 10274 
21801 10921 
22372 10454 
21030 11656 
22239 10651 
22897 10125 
21824 11073 
21881 11063 
21502 11422 
21330 11605 
23045 10224 
21866 11231 
22648 10644 
21491 11618 
22370 10951 
22784 10672 
22906 10628 
21534 11730 
22403 11102 
22547 11031 
21465 11882 
22969 10785 
22982 10817 
22913 10913 
22456 11292 
23666 10455 
22694 11195 
24544 9923 
22484 11430 
22629 11364 
21484 12194 
23748 10664 
24745 10034 
22500 11607 
23074 11254 
22112 11937 
22495 11714 
22929 11462 
23053 11427 
22309 11953 
22965 11564 
23775 11088 
22381 12010 
24018 11018 
23257 11529 
23783 11246 
22580 12016 
23323 11597 
22743 11979 
22639 12071 
23193 11784 
23244 11786 
21445 12867 
22715 12168 
22868 12122 
23054 12053 
23459 11869 
22550 12410 
23553 11895 
23969 11703 
22893 12323 
22866 12367 
22781 12452 
22932 12414 
23171 12332 
24409 11734 
23283 12347 
22411 12820 
23166 12476 
23133 12532 
24250 12029 
22658 12836 
23959 12247 
22690 12879 
23921 12342 
23017 12797 
23240 12734 
24516 12200 
22536 13121 
23557 12709 
24600 12295 
23473 12823 
23101 13010 
21323 13787 
23116 13065 
22937 13171 
23002 13177 
24711 12527 
23281 13131 
23390 13124 
23468 13127 
24245 12861 
24683 12733 
24452 12858 
23247 13341 
22956 13476 
23859 13183 
21849 13935 
23230 13482 
23753 13332 
23144 13568 
23484 13482 
23345 13561 
23649 13494 
23123 13702 
23523 13607 
24624 13293 
24086 13503 
23519 13710 
22496 14055 
23025 13922 
24885 13404 
24164 13650 
23406 13901 
23586 13876 
24800 13566 
23910 13841 
23577 13961 
24206 13828 
23460 14060 
23554 14072 
23757 14046 
23481 14146 
22266 14477 
24357 13992 
23668 14192 
23204 14328 
23250 14349 
23608 14303 
23330 14397 
24737 14118 
23322 14456 
22890 14574 
22756 14632 
25068 14202 
22799 14682 
23769 14523 
