400 
3372 6017 
3198 6487 
3252 6158 
3394 5698 
3338 5735 
3169 6044 
3386 5430 
3504 5104 
3178 5711 
2748 6492 
3080 5746 
2805 6189 
3025 5722 
3031 5625 
3103 5441 
3227 5201 
2724 5887 
2747 5781 
2652 5841 
2692 5708 
2714 5651 
2842 5434 
3291 4847 
2749 5438 
2449 5724 
2220 5912 
2905 5164 
2698 5359 
2356 5639 
2409 5529 
2275 5631 
2448 5444 
2775 5111 
2453 5365 
2305 5443 
2791 4999 
2310 5366 
2477 5177 
2442 5178 
2371 5185 
2372 5151 
2541 5000 
1854 5397 
2428 4997 
2456 4948 
2971 4615 
1777 5245 
1747 5210 
2873 4588 
2733 4633 
1534 5164 
2139 4845 
2481 4668 
2184 4754 
2150 4721 
2151 4682 
2421 4563 
1715 4763 
2240 4567 
2231 4535 
2028 4555 
2385 4427 
2010 4505 
2465 4379 
1821 4501 
1577 4525 
1874 4417 
2419 4284 
1745 4380 
1662 4340 
1609 4312 
1710 4253 
1485 4229 
1547 4191 
1974 4121 
1440 4107 
1205 4089 
1802 4028 
2218 3993 
2342 3973 
2232 3947 
2171 3925 
1491 3859 
2247 3887 
1423 3805 
2214 3834 
1978 3782 
1796 3731 
2102 3750 
2293 3750 
1877 3640 
2110 3650 
2433 3688 
1551 3453 
2408 3628 
2045 3521 
2266 3551 
2030 3461 
2165 3480 
2325 3509 
2170 3430 
1800 3270 
2571 3496 
1549 3069 
2183 3292 
2157 3246 
2236 3249 
2786 3460 
2272 3196 
1511 2792 
2534 3252 
2134 3011 
1793 2794 
2986 3434 
2097 2904 
2718 3238 
2535 3105 
2306 2924 
2860 3264 
2446 2954 
2289 2791 
2438 2850 
2301 2701 
2209 2566 
2172 2483 
1967 2272 
2182 2399 
2488 2626 
2269 2392 
2908 2945 
2474 2483 
2890 2859 
2339 2220 
2897 2789 
3111 2989 
3091 2932 
2660 2386 
3016 2757 
2574 2114 
2957 2577 
3175 2836 
2668 2061 
3204 2779 
2982 2393 
3065 2463 
2969 2236 
2804 1872 
2750 1681 
3068 2226 
3100 2202 
3336 2596 
3408 2672 
3151 2018 
3286 2253 
3532 2801 
3285 2067 
3261 1937 
3403 2289 
3152 1419 
3536 2523 
3329 1754 
3391 1869 
3621 2589 
3429 1819 
3597 2356 
3378 1292 
3576 1978 
3530 1544 
3579 1487 
3663 1685 
3722 1754 
3791 2165 
3770 1828 
3796 1548 
3855 1895 
3885 1824 
3909 1744 
3964 2605 
3968 1863 
4009 1487 
4054 1622 
4106 1436 
4107 2202 
4163 1833 
4193 1951 
4200 2103 
4252 2044 
4306 1766 
4309 1869 
4287 2230 
4218 2752 
4403 1905 
4425 1940 
4436 1992 
4571 1596 
4526 1935 
4204 3277 
4491 2274 
4558 2103 
4432 2620 
4632 2020 
4648 2088 
4710 2039 
4551 2528 
4918 1658 
4554 2638 
4720 2324 
4748 2361 
4809 2307 
4866 2260 
5014 2018 
4964 2174 
4771 2574 
4675 2812 
4737 2755 
4780 2739 
5433 1718 
5305 2001 
4647 3061 
5646 1671 
5150 2434 
5656 1839 
4988 2752 
5027 2757 
5301 2484 
5127 2712 
5358 2478 
5535 2331 
5049 2915 
5612 2385 
5237 2812 
5441 2672 
5498 2667 
5764 2478 
5617 2637 
5426 2839 
5083 3151 
5613 2774 
5782 2691 
5316 3083 
5791 2778 
4874 3424 
5636 2933 
5565 2999 
5249 3242 
5147 3341 
5655 3086 
5675 3120 
5464 3268 
5999 3048 
6315 2923 
5812 3189 
6397 2951 
5889 3226 
5573 3378 
6353 3100 
5515 3446 
5833 3347 
5942 3334 
5790 3413 
6224 3295 
5811 3468 
5702 3519 
5967 3490 
5428 3664 
5548 3657 
6183 3550 
6568 3505 
6788 3493 
6280 3640 
5944 3738 
6355 3721 
6661 3706 
6009 3809 
5596 3878 
6092 3864 
5723 3910 
6201 3916 
5908 3953 
5492 3998 
5701 4013 
5940 4035 
5851 4063 
5883 4082 
5471 4086 
6425 4169 
5888 4166 
5683 4178 
6343 4275 
5835 4244 
5786 4266 
5840 4310 
5371 4256 
5855 4388 
5165 4269 
5958 4466 
5758 4461 
6005 4564 
5857 4564 
5752 4559 
7001 5030 
7109 5133 
6173 4851 
5585 4651 
6128 4913 
5947 4864 
5389 4649 
5536 4734 
6048 5013 
5820 4945 
5287 4683 
5757 4978 
6041 5183 
5586 4960 
5710 5075 
5609 5030 
5383 4916 
6133 5438 
5204 4828 
6031 5443 
5615 5178 
5629 5215 
5740 5355 
5016 4812 
5750 5446 
5373 5189 
5138 5009 
5350 5251 
5377 5307 
5566 5515 
5570 5565 
5487 5515 
5618 5681 
4978 5036 
5545 5692 
5385 5575 
5374 5621 
4979 5188 
5218 5541 
5015 5336 
5155 5593 
5284 5803 
5013 5466 
5100 5625 
4941 5441 
4897 5418 
5004 5650 
5103 5886 
5075 5934 
5066 6017 
5011 6021 
4550 5157 
4678 5500 
4746 5740 
4627 5553 
4570 5463 
4859 6301 
4644 5771 
4822 6346 
4663 6036 
4579 5909 
4560 5993 
4576 6200 
4404 5636 
4392 5681 
4533 6434 
4458 6219 
4302 5628 
4244 5397 
4285 5857 
4247 5838 
4301 6420 
4175 5594 
4182 5945 
4133 5593 
4160 6412 
4095 5661 
4093 6124 
4067 6204 
4042 6204 
3993 6006 
3987 5206 
3935 5851 
3897 6053 
3857 6187 
3810 6450 
3763 6691 
3816 5759 
3820 5537 
3723 6017 
3566 6717 
3495 6771 
3632 5902 
3660 5677 
3670 5507 
3559 5912 
3418 6401 
3497 5926 
3639 5319 
3524 5595 
