200  
 9479 1650
 9408 2749
 9766 2450
 9505 3285
 8845 3296
 8671 3095
 8568 3081
 7603 3184
 8947 3727
 9591 4014
 9971 4783
 9169 4591
 8599 4713
 9091 4816
 9795 5506
 9657 5595
 8565 5138
 9344 6164
 8757 7037
 9419 6437
 9805 6736
 9561 6794
 9145 7030
 9940 7299
 9578 7647
 9565 9264
 9207 8893
 9032 8173
 8769 7490
 8398 7142
 7703 7497
 8616 8561
 8682 8579
 9202 9118
 8353 8990
 7539 8248
 7280 7759
 7301 7242
 6913 7191
 6919 7223
 7001 7429
 6683 8512
 7476 8897
 7516 9075
 8592 9453
 7125 9143
 6219 9535
 6088 8585
 6159 8529
 6167 8375
 5743 8214
 5819 7789
 5346 6965
 5010 7370
 4793 7951
 5629 8335
 5321 9232
 5338 9994
 4600 8674
 4595 7960
 4448 7019
 5288 6638
 5897 6954
 5329 6467
 6271 6767
 6869 5251
 5696 5311
 5637 4676
 4898 4210
 5349 4951
 5068 5960
 4951 6373
 4584 5893
 4467 6606
 4068 6995
 4008 6207
 3840 7035
 3005 7792
 3633 8285
 2335 9191
 2207 8432
 1534 8777
 1537 8975
 1237 9811
 1839 9905
  831 9970
  222 9751
  570 9454
  526 8695
  805 8767
 1099 9331
 1089 8628
 1423 8732
 1801 7592
  914 8235
 1061 7008
  937 6430
 1649 6574
 1635 6980
 2243 7300
 2279 6713
 2416 6602
 2923 6711
 3903 6180
 2989 5665
 3616 5626
 3065 5545
 3263 5261
 3319 4655
 2658 4799
 3255 4120
 2577 3289
 1430 3280
 1408 3390
 1406 3431
 1189 3788
 1987 4647
 2517 5983
 1367 6016
 1191 6008
 1220 5450
 1696 4755
 1220 5331
 1013 4832
  997 5177
  649 5510
  644 6649
   68 8739
  352 5057
  416 4683
  507 4692
 1076 3907
  183 3857
  423 3389
  407 3246
  440 3201
  926 3735
 1323 3348
  818 2836
  432 2031
 1093 2251
 1363 2592
 2589 2563
 1758 1955
 1360 2091
 1310 2097
 1057 1361
 1772 1515
 2535 1634
 2458  666
 2357  669
 2065  646
 1695 1180
  733  852
  221  684
  500  643
 1408   58
 1736  253
 1957   24
 3440  284
 4056   43
 3435  385
 3840 1830
 4119 1838
 4304  701
 5805  469
 6458   74
 6828    3
 6792   50
 6949  933
 6831  967
 6213 1367
 6132 1873
 5849 1586
 4383 1750
 4486 2190
 3711 2248
 2688 2773
 2882 3298
 3464 2992
 4161 2814
 4088 3521
 4374 3379
 4571 2651
 4863 2572
 4888 2768
 5287 3806
 5788 3234
 5713 2680
 6906 2631
 6410 1891
 6926 1093
 7176 2562
 7890 2969
 8043 1328
 7977  121
 8406  381
 9462  870
 8529 1103
 8590 1555
