350
252                  228
239                  269
270                  227
283                  192
231                  175
162                  155
52                  168
41                   63
57                   79
75                   55
101                   69
106                   94
130                  105
134                   39
216                   44
175                  137
241                  153
273                   52
370                   23
196                   26
84                   24
50                   21
384                   14
404                   18
380                   23
374                   30
323                   59
309                   84
272                  149
267                  167
282                  159
298                  136
365                   85
337                  175
290                  215
348                  318
381                  327
367                  216
385                  165
422                  163
449                  203
464                  331
477                  346
512                  287
536                  359
567                  366
589                  328
570                  288
585                  252
564                  181
570                  141
522                  194
499                  190
453                  115
465                  104
479                  109
465                   43
466                   38
506                    8
555                  103
532                    7
576                   62
543                   10
611                   25
632                   48
658                   81
682                   90
691                  146
681                  160
711                  146
718                  136
717                  142
701                  208
794                  151
792                   62
752                   92
713                   26
765                   49
725                    9
720                    2
831                   37
894                    7
917                  121
910                   10
930                   18
951                   77
931                  133
865                  146
955                  187
996                   33
964                  204
889                  230
875                  236
851                  209
839                  187
774                  244
841                  246
839                  285
778                  307
744                  267
721                  322
726                  339
781                  374
723                  390
783                  441
805                  398
848                  300
884                  275
910                  400
974                  355
950                  255
997                  296
994                  331
990                  388
952                  412
926                  412
924                  425
938                  423
938                  451
961                  442
995                  549
974                  524
939                  501
889                  455
880                  481
863                  442
786                  446
823                  478
793                  480
757                  479
700                  400
642                  417
686                  466
657                  529
668                  570
683                  552
690                  535
707                  520
714                  576
786                  519
855                  511
795                  599
895                  545
933                  520
976                  560
924                  592
941                  596
889                  646
937                  672
933                  680
897                  687
932                  693
994                  806
944                  774
876                  731
869                  752
855                  747
775                  656
760                  629
733                  678
722                  678
693                  632
679                  677
639                  649
565                  589
544                  582
529                  596
468                  658
497                  665
604                  725
620                  712
673                  720
694                  741
655                  746
695                  806
695                  834
729                  804
764                  682
797                  807
861                  866
924                  878
933                  909
979                  973
912                  921
915                  993
863                  971
815                  903
769                  897
753                  881
742                  821
724                  869
698                  848
596                  897
657                  826
583                  782
581                  798
564                  827
564                  864
554                  861
561                  905
541                  919
494                  951
508                  973
632                  943
702                  978
700                  967
735                  930
754                  934
781                  961
783                  961
730                  999
68                 1000
436                  995
299                  992
373                  989
391                  961
470                  960
464                  880
429                  891
392                  937
362                  950
320                  983
324                  942
300                  931
335                  903
367                  936
403                  855
325                  861
292                  893
259                  856
256                  908
107                  964
129                  899
168                  885
220                  861
239                  842
234                  836
201                  832
214                  817
165                  785
108                  772
138                  827
52                  895
19                  913
19                  841
44                  797
14                  797
33                  770
80                  753
24                  741
12                  673
41                  706
43                  691
64                  698
151                  744
177                  769
234                  787
240                  722
215                  688
252                  712
268                  771
308                  829
326                  851
351                  805
368                  830
369                  783
280                  699
383                  766
392                  762
474                  806
511                  835
513                  744
455                  756
467                  667
407                  714
398                  746
374                  677
428                  669
409                  632
319                  657
402                  596
415                  623
434                  616
411                  593
467                  548
489                  547
475                  544
453                  509
386                  488
405                  538
394                  566
341                  536
263                  540
245                  612
194                  598
175                  575
185                  606
203                  656
169                  620
106                  655
39                  636
48                  604
75                  594
126                  626
134                  572
74                  528
7                  559
30                  464
13                  443
51                  357
4                  217
36                  235
47                  269
59                  342
71                  331
101                  378
66                  467
119                  528
186                  527
159                  472
167                  461
145                  413
150                  402
203                  402
246                  467
280                  475
346                  477
295                  460
397                  430
315                  323
253                  281
223                  324
237                  390
213                  395
177                  356
176                  357
171                  350
178                  344
196                  330
158                  334
119                  373
148                  308
191                  285
152                  271
82                  303
82                  260
83                  260
86                  257
86                  229
137                  252
