20
880                  451
756                  805
580                  741
466                  790
783                  872
108                  942
51                  959
326                  452
35                  169
230                   59
114                   52
460                   17
408                  368
600                  200
979                  220
630                  333
448                  427
603                  507
603                  701
849                  460
