100
70 1 
85 11 
75 5 
82 9 
79 18 
88 14 
91 28 
86 39 
94 38 
95 25 
99 69 
98 68 
95 74 
90 58 
77 50 
71 37 
77 41 
77 29 
69 31 
63 34 
63 56 
68 36 
67 55 
74 61 
78 53 
84 59 
87 76 
82 84 
81 81 
81 73 
78 61 
72 64 
79 75 
66 69 
53 66 
49 78 
59 88 
61 92 
54 95 
47 86 
38 78 
40 91 
32 85 
32 96 
44 97 
22 98 
13 100 
21 85 
21 77 
18 83 
11 84 
7 80 
14 75 
20 71 
10 72 
9 69 
14 63 
7 67 
4 66 
1 73 
0 32 
1 35 
6 52 
7 42 
6 37 
8 38 
10 37 
12 50 
13 58 
20 50 
25 35 
11 31 
24 26 
32 37 
35 36 
43 39 
37 38 
34 39 
32 42 
37 48 
46 40 
44 21 
33 8 
22 23 
21 22 
12 22 
6 19 
0 18 
10 1 
17 3 
26 8 
23 2 
30 4 
48 2 
59 1 
49 12 
53 14 
58 22 
61 29 
61 22 

