200
72 64 
74 58 
73 54 
76 58 
75 53 
77 50 
78 45 
73 42 
69 54 
61 45 
63 54 
55 50 
57 43 
54 50 
52 55 
51 48 
50 39 
42 39 
39 35 
38 39 
29 39 
32 46 
39 51 
25 52 
36 60 
49 60 
41 64 
51 76 
53 66 
59 65 
67 57 
62 67 
54 67 
54 76 
53 79 
58 76 
65 80 
67 77 
62 71 
70 65 
68 76 
82 73 
70 82 
83 79 
87 79 
82 85 
88 88 
91 83 
97 92 
90 88 
88 88 
93 94 
97 99 
76 97 
82 87 
74 92 
69 83 
66 82 
63 86 
61 86 
60 92 
64 99 
56 97 
49 88 
45 84 
45 79 
41 76 
44 83 
41 85 
42 85 
46 89 
46 98 
44 90 
41 90 
38 97 
25 98 
27 97 
29 96 
38 89 
36 80 
27 83 
23 94 
17 90 
14 99 
11 95 
8 97 
5 97 
1 84 
9 93 
13 88 
16 88 
13 85 
3 83 
6 78 
0 75 
0 42 
6 56 
0 74 
7 75 
6 70 
10 70 
7 76 
14 72 
18 84 
24 78 
36 72 
36 66 
20 72 
16 70 
23 55 
11 57 
6 50 
5 37 
7 37 
14 40 
8 34 
3 32 
9 32 
18 31 
15 22 
11 30 
9 22 
1 28 
0 33 
1 17 
3 18 
5 19 
5 15 
2 15 
7 11 
17 2 
23 2 
19 5 
21 15 
24 15 
32 21 
26 33 
33 32 
33 31 
36 33 
41 26 
35 21 
34 12 
22 7 
33 5 
25 1 
42 7 
44 7 
37 14 
46 7 
54 20 
50 7 
63 5 
64 4 
80 2 
74 8 
68 9 
62 12 
62 16 
66 21 
71 12 
78 12 
85 6 
79 14 
74 18 
80 21 
82 20 
78 24 
73 18 
70 26 
76 29 
74 33 
78 40 
79 37 
80 36 
80 27 
86 20 
90 23 
92 17 
84 16 
90 10 
93 15 
94 13 
97 31 
86 35 
84 41 
91 46 
92 47 
82 51 
80 55 
84 55 
100 65 
96 81 
93 72 
91 79 
88 73 
85 61 
81 56 
78 59 
78 61 

