3200
8031 7247 
8008 7335 
8177 7511 
8131 7818 
8011 7825 
8050 7573 
7953 7451 
7917 7508 
7746 7389 
7814 7530 
7752 7644 
7672 7888 
7491 7944 
7480 7907 
7572 7721 
7602 7606 
7535 7685 
7503 7715 
7414 7442 
7686 7383 
7516 7281 
7806 7294 
7998 7236 
7797 7106 
8021 6962 
7985 6915 
8130 6936 
8047 6605 
7996 6736 
7767 6793 
7774 6692 
7954 6458 
8083 6430 
7987 6327 
7946 6171 
7797 6416 
7804 6094 
7719 5961 
7528 5813 
7561 5910 
7476 6240 
7509 6352 
7533 6449 
7613 6771 
7593 6881 
7736 6900 
7546 6990 
7334 7247 
7410 6944 
7491 6788 
7377 6571 
7300 6460 
7360 6227 
7239 6396 
7262 6227 
7090 6223 
7225 6051 
7310 5929 
7268 5935 
7110 5976 
7189 5859 
6985 5568 
7081 5275 
6873 5437 
6740 5450 
6605 5198 
6563 5265 
6654 5437 
6580 5404 
6378 5452 
6582 5550 
6301 5782 
6203 5711 
6214 5791 
6323 5974 
6345 6002 
6405 6054 
6643 5660 
6847 5681 
6977 5758 
6789 6137 
6847 6188 
7056 6249 
6872 6272 
6796 6330 
6925 6362 
7068 6413 
7304 6583 
7247 6842 
7127 6768 
6975 6630 
7011 6848 
7075 7004 
7118 7095 
6965 7344 
7167 7400 
7156 7588 
6963 7470 
6953 7355 
6925 7182 
6945 7030 
6795 7154 
6624 7165 
6842 6977 
6650 6722 
6706 6619 
6547 6608 
6481 6553 
6479 6485 
6462 6469 
6579 6365 
6645 6336 
6503 6138 
6328 6400 
6222 6166 
6254 6065 
6104 5954 
6101 6018 
5895 5978 
5805 5950 
5849 6016 
5898 6068 
6016 6238 
5817 6193 
5718 6107 
5816 6198 
5593 6266 
5709 6398 
5874 6278 
5731 6410 
5898 6335 
5943 6316 
6260 6390 
5973 6713 
6397 6548 
6444 6578 
6469 6570 
6498 6641 
6421 6806 
6467 6874 
6355 6798 
6282 6895 
6256 6883 
6253 6962 
6110 7006 
5976 7102 
5978 6981 
5945 6885 
5852 6706 
5924 6899 
5820 7166 
6083 7229 
6135 7200 
6132 7375 
6232 7233 
6355 7236 
6426 7215 
6587 7181 
6653 7241 
6489 7243 
6698 7379 
6454 7526 
6259 7518 
6056 7518 
6091 7629 
6184 7605 
6108 7750 
6361 7711 
6439 7758 
6463 7645 
6687 7750 
6653 7602 
6828 7476 
6794 7772 
7084 7670 
7094 7858 
7054 7866 
6842 7950 
6772 7793 
6701 7836 
6613 7846 
6682 8165 
6811 8152 
6939 8027 
7059 8038 
7068 7953 
7394 8127 
7523 8223 
7372 8164 
7377 8272 
7247 8215 
7133 8276 
7059 8125 
6937 8263 
6851 8203 
6783 8256 
6801 8277 
6879 8343 
6891 8334 
6869 8365 
6804 8394 
6949 8437 
7170 8387 
7351 8368 
7325 8478 
7417 8501 
7636 8476 
7481 8617 
7614 8605 
7639 8564 
7890 8798 
7670 8784 
7809 9000 
7827 9200 
7711 9050 
7624 8823 
7503 8712 
7344 8590 
6988 8495 
7029 8762 
7173 8839 
7283 8796 
7322 8821 
7245 8845 
7212 9021 
7254 9060 
7308 8893 
7320 9088 
7463 9029 
7530 8961 
7575 8936 
7590 9038 
7523 9056 
7661 9208 
7881 9339 
7586 9287 
7782 9633 
7466 9700 
7309 9445 
7301 9390 
7335 9349 
7423 9169 
7446 9087 
7340 9142 
7168 9091 
7139 8968 
7065 9063 
6962 8762 
6964 8725 
6913 8679 
6904 8654 
6903 8665 
6731 8596 
6809 8778 
6765 8925 
6719 8777 
6740 8980 
6936 9103 
7030 9154 
7139 9496 
7090 9568 
7347 9885 
7496 9819 
7715 9805 
7796 9790 
7725 9832 
7879 9977 
7596 9874 
7320 9904 
6442 9972 
6377 9964 
6396 9895 
6711 9902 
6992 9813 
6963 9637 
6978 9492 
6874 9325 
6820 9496 
6730 9370 
6693 9501 
6660 9652 
6500 9450 
6376 9633 
6301 9621 
6372 9772 
6344 9898 
6256 9841 
6263 9943 
6077 9987 
6203 9835 
5983 9669 
6094 9621 
5916 9562 
6150 9400 
5862 9377 
5911 9292 
6150 9370 
6215 9412 
6180 9220 
6310 9217 
6421 9259 
6527 9248 
6841 9167 
6511 9137 
6291 9199 
6285 8980 
6357 8925 
6402 8859 
6349 8860 
6348 8609 
6654 8478 
6439 8453 
6625 8434 
6751 8407 
6699 8323 
6694 8220 
6498 8341 
6440 8398 
6419 8425 
6429 8341 
6432 8225 
6452 8149 
6462 7980 
6371 8103 
6354 8115 
6345 8248 
6277 8123 
6410 7943 
6128 7889 
6040 8118 
6081 8235 
5952 8198 
6041 8342 
6168 8544 
6075 8535 
6150 8889 
6106 8972 
6089 9104 
5951 9186 
5841 9120 
5881 8794 
5716 8870 
5680 8975 
5652 8962 
5612 8800 
5627 8603 
5718 8364 
5919 8308 
5781 8302 
5863 8037 
5964 8088 
5945 7996 
5845 7776 
5873 7533 
5913 7576 
5898 7504 
5903 7431 
5876 7391 
5792 7434 
5688 7302 
5673 7360 
5585 7503 
5638 7344 
5660 7178 
5702 6823 
5784 6680 
5738 6664 
5790 6603 
5759 6499 
5643 6497 
5610 6500 
5669 6638 
5455 6884 
5291 6738 
5303 6449 
5236 6413 
5068 6365 
5168 6517 
5103 6934 
5253 6919 
5448 6979 
5404 7058 
5520 7155 
5501 7443 
5541 7522 
5528 7576 
5422 7750 
5421 7499 
5440 7453 
5326 7342 
5219 7436 
5192 7376 
5166 7462 
5317 7744 
5331 7795 
5090 7834 
5068 7527 
5123 7424 
5105 7415 
5147 7250 
4843 7382 
4868 7502 
4825 7530 
4764 7633 
4721 7616 
4776 7656 
5004 7763 
5045 7936 
5353 7885 
5382 8031 
5423 7952 
5421 8125 
5682 8381 
5582 8452 
5461 8336 
5448 8555 
5360 8474 
5399 8588 
5519 8648 
5303 8729 
5536 8736 
5553 8840 
5405 8927 
5589 9022 
5532 9275 
5646 9423 
5413 9347 
5435 9279 
5278 9291 
5407 9135 
5389 8925 
5239 8956 
5268 8777 
5109 8874 
5150 9012 
5149 9291 
4949 9152 
4965 9067 
4968 8875 
4982 8792 
5182 8749 
5150 8684 
5281 8670 
5170 8524 
5241 8436 
5313 8388 
5166 8360 
5316 8167 
5336 8132 
5091 8067 
5095 8283 
5111 8309 
5013 8352 
5143 8373 
5142 8458 
5065 8446 
5057 8536 
4762 8413 
4921 8275 
4982 8100 
4711 8028 
4650 7752 
4614 7696 
4612 7836 
4662 7999 
4698 8198 
4681 8374 
4583 8305 
4559 8229 
4491 7961 
4496 7885 
4446 7746 
4355 7659 
4577 7523 
4572 7456 
4510 7438 
4613 7231 
4439 7372 
4324 7204 
4377 7400 
4236 7328 
4216 7694 
4295 7750 
4208 7938 
4381 8071 
4452 8424 
4282 8456 
4276 8430 
4248 8542 
4157 8645 
4044 8662 
4214 8729 
4459 8766 
4506 8680 
4526 8659 
4547 8673 
4516 8705 
4745 8715 
4728 8639 
4843 8744 
4916 8902 
4948 9067 
4675 8947 
4557 9061 
4701 9297 
4775 9461 
4816 9266 
5103 9327 
5016 9535 
5117 9360 
5389 9448 
5118 9524 
5042 9631 
4856 9679 
4990 9731 
5065 9712 
5417 9603 
5485 9660 
5551 9635 
5726 9723 
5700 9951 
5589 9826 
5533 9755 
5134 9985 
3772 9987 
4509 9954 
4703 9950 
4756 9810 
4634 9759 
4702 9696 
4597 9763 
4518 9717 
4516 9723 
4460 9676 
4439 9628 
4576 9481 
4647 9393 
4420 9274 
4478 9090 
4474 8928 
4354 9125 
4164 9060 
4099 9155 
4170 9159 
4272 9286 
4388 9444 
4396 9646 
4303 9444 
4194 9378 
4094 9355 
4139 9449 
4183 9541 
4070 9505 
4039 9512 
4013 9583 
4158 9642 
4316 9721 
4332 9838 
4227 9813 
4103 9938 
3929 9969 
4031 9753 
3862 9799 
3882 9831 
3707 9889 
3791 9777 
3841 9718 
3772 9718 
3829 9557 
3938 9592 
3961 9371 
3844 9407 
3802 9338 
3829 9285 
3966 9258 
3810 9088 
3932 9045 
4079 8905 
4035 8854 
3934 8633 
3947 8634 
3996 8469 
3941 8472 
3950 8424 
4083 8100 
4067 7988 
4128 7851 
4041 7622 
4030 7479 
4047 7335 
4039 7271 
3870 7281 
3858 7186 
3843 7280 
3828 7186 
3905 7080 
4076 7192 
3993 7056 
4187 7064 
4365 7040 
4192 7008 
3855 6825 
3863 6910 
3875 7024 
3851 6922 
3770 6995 
3677 7089 
3742 6987 
3759 6799 
3598 6974 
3564 6926 
3544 6948 
3622 7134 
3296 7130 
3091 7153 
3172 7339 
3286 7357 
3377 7385 
3772 7299 
3888 7556 
3704 7522 
3756 7584 
3813 7724 
4024 7974 
3882 8207 
3815 8159 
3721 7965 
3686 8147 
3759 8563 
3529 8626 
3628 8747 
3577 8884 
3568 8893 
3617 8949 
3736 8979 
3778 9135 
3768 9211 
3710 9195 
3726 9246 
3663 9278 
3531 9217 
3523 9054 
3362 9109 
3396 9036 
3470 8930 
3525 8904 
3395 8797 
3315 8697 
3391 8599 
3458 8528 
3481 8207 
3402 8517 
3258 8334 
3311 8518 
3256 8626 
3146 8568 
3027 8395 
3091 8683 
3131 8825 
3088 8770 
2886 8807 
2844 8928 
2841 8933 
2972 9046 
3024 9057 
3025 9060 
3067 9057 
3234 9171 
3352 9476 
3509 9643 
3666 9711 
3642 9888 
3655 9919 
3423 9965 
3497 9769 
3345 9854 
3329 9872 
3295 9762 
3297 9695 
3281 9644 
3190 9776 
3212 9855 
3166 9895 
3186 9826 
3003 9930 
2993 9648 
3196 9491 
3204 9380 
3179 9258 
3072 9188 
2983 9239 
2964 9438 
2941 9481 
2877 9440 
2791 9524 
2842 9723 
2667 9616 
2626 9767 
2944 9981 
2605 9774 
2333 9840 
2569 9658 
2219 9722 
2285 9454 
2206 9537 
2192 9413 
2310 9412 
2532 9449 
2598 9439 
2720 9418 
2769 9377 
2919 9241 
2828 9206 
2863 9072 
2716 9206 
2535 9309 
2271 9142 
2509 9048 
2767 8936 
2507 8956 
2538 8847 
2471 8759 
2575 8785 
2812 8696 
2768 8531 
2691 8658 
2590 8440 
2503 8681 
2418 8395 
2489 8213 
2773 8256 
2896 8114 
3197 8075 
3313 8032 
3356 8001 
3315 7941 
3412 7864 
3609 7939 
3638 7945 
3679 7857 
3582 7540 
3588 7856 
3461 7834 
3166 7797 
3175 7921 
2984 8032 
2964 7829 
2816 7788 
2881 7693 
3022 7703 
3028 7685 
3064 7691 
3158 7481 
2988 7625 
3006 7497 
3127 7355 
2865 7249 
2925 7553 
2910 7626 
2765 7602 
2767 7687 
2746 7939 
2516 8025 
2369 7812 
2692 7644 
2730 7580 
2726 7564 
2720 7457 
2635 7531 
2630 7549 
2420 7588 
2364 7630 
2268 7600 
2317 7507 
2462 7406 
2663 7217 
2848 7120 
2597 7077 
2503 7135 
2562 7029 
2638 6855 
2491 6914 
2151 7137 
2184 7260 
2238 7261 
2350 7370 
2351 7415 
2215 7525 
2142 7296 
2064 7385 
2158 7594 
2202 7619 
2062 7670 
1932 7473 
2025 7366 
2004 7308 
2043 7221 
1991 7277 
1917 7352 
1826 7399 
1896 7496 
1793 7556 
1786 7658 
2001 7666 
2032 7734 
2123 7792 
2306 7855 
2159 7846 
2235 8077 
2185 8074 
2239 8083 
2340 8155 
2152 8357 
2243 8387 
2130 8521 
2156 8555 
2315 8755 
2371 8975 
2360 8994 
2181 8898 
2175 9149 
2012 9311 
2044 9057 
1907 8950 
1999 8658 
2005 8534 
1861 8551 
1859 8659 
1793 8654 
1820 8482 
1594 8522 
1340 8701 
1546 8782 
1496 8927 
1550 8996 
1618 8775 
1771 8796 
1791 8913 
1939 9039 
1626 9255 
1464 9388 
1459 9424 
1638 9608 
1739 9309 
1797 9481 
1824 9448 
2009 9330 
2017 9600 
1959 9697 
1907 9576 
1919 9774 
1836 9817 
1897 9858 
2184 9967 
1845 9882 
1834 9840 
1675 9874 
1356 9938 
1352 9835 
1480 9692 
1208 9665 
1404 9470 
1417 9367 
1509 9000 
1247 9206 
1109 8984 
1088 9155 
1221 9335 
975 9372 
1081 9480 
923 9436 
858 9530 
1105 9675 
970 9826 
836 9681 
818 9513 
720 9545 
698 9371 
516 9437 
417 9544 
719 9681 
393 9663 
739 9886 
37 9979 
181 9798 
63 9635 
165 9694 
248 9672 
365 9602 
249 9427 
176 9446 
131 9503 
52 9384 
36 9469 
18 9396 
53 9054 
38 8847 
37 8837 
102 8954 
286 9019 
534 9172 
705 9327 
755 9167 
781 9302 
905 9425 
942 9247 
881 9027 
838 9004 
780 9087 
597 9090 
850 8878 
467 8858 
395 8932 
369 8825 
413 8729 
545 8663 
308 8606 
162 8648 
54 8632 
233 8535 
387 8452 
576 8486 
792 8668 
690 8410 
860 8419 
1005 8280 
974 8429 
1126 8554 
1065 8641 
1200 8772 
1313 8584 
1234 8476 
1071 8432 
1027 8331 
1350 8351 
1284 8465 
1433 8462 
1688 8381 
1845 8188 
2026 8245 
2014 8164 
2061 8025 
1953 7929 
1831 7866 
1864 8075 
1615 7939 
1746 8211 
1462 8277 
1420 8250 
1468 8208 
1480 7900 
1085 8166 
792 8153 
634 8340 
472 8264 
312 8063 
183 8131 
201 8289 
233 8321 
26 8482 
66 8297 
128 7703 
167 8074 
304 8001 
510 8015 
305 7906 
506 7853 
737 7784 
945 7907 
1039 7849 
830 7726 
1153 7750 
1332 7782 
1570 7690 
1426 7632 
1260 7580 
1388 7368 
1690 7329 
1735 7616 
1778 7389 
1772 7200 
1990 7271 
1970 7091 
1834 6972 
1749 7036 
1683 7159 
1532 7167 
1502 7179 
1296 7158 
1363 7217 
1370 7224 
1331 7205 
1205 7402 
1012 7483 
937 7495 
1033 7331 
781 7370 
653 7452 
647 7417 
577 7372 
489 7722 
201 7688 
130 7666 
186 7625 
269 7562 
183 7592 
140 7416 
330 7302 
475 7288 
581 7284 
560 7240 
594 7257 
785 7240 
993 7192 
1084 7089 
1098 6973 
1058 7101 
999 7141 
890 7160 
683 7076 
545 7222 
412 7253 
531 6981 
300 7029 
243 7286 
34 7406 
174 7127 
25 7015 
147 6982 
276 6902 
126 6923 
43 6788 
125 6758 
32 6718 
39 6663 
81 6463 
296 6706 
593 6773 
1001 6910 
759 6536 
1066 6607 
1171 6929 
1556 7004 
1693 6873 
1766 6962 
1713 6822 
1834 6757 
1994 6802 
2150 6803 
1957 6662 
1886 6642 
1662 6753 
1330 6773 
1144 6581 
1234 6495 
1640 6427 
1858 6558 
2014 6583 
2213 6566 
2214 6715 
2308 6811 
2592 6828 
2695 6845 
2821 6835 
2798 6635 
2908 6445 
3066 6585 
2925 6770 
3046 6899 
3094 6806 
3221 6909 
3283 6715 
3294 6719 
3516 6577 
3284 6688 
3404 6530 
3251 6356 
2922 6356 
2561 6347 
2529 6539 
2501 6422 
2505 6227 
2485 6184 
2350 6179 
2368 6223 
2234 6531 
2149 6508 
2033 6435 
1949 6424 
1908 6401 
1968 6348 
2044 6264 
2081 6236 
2163 6309 
2308 6200 
2371 6083 
2196 6078 
1916 6137 
1783 6180 
1580 6225 
1695 6077 
1804 6101 
2010 5870 
1683 5724 
1621 5731 
1479 5902 
1642 5939 
1595 6112 
1524 6097 
1485 5938 
1478 5930 
1418 6019 
1158 6105 
1024 6384 
749 6521 
541 6451 
663 6349 
946 6231 
812 6171 
887 6124 
955 6102 
889 6122 
820 6105 
806 5915 
704 6030 
745 6042 
698 6167 
462 6413 
355 6426 
235 6399 
198 6310 
265 6182 
640 6020 
770 5793 
804 5694 
1052 5671 
1171 6054 
1306 5823 
1390 5839 
1270 5573 
1182 5436 
1363 5410 
1175 5393 
1002 5251 
961 5360 
992 5501 
956 5588 
842 5627 
868 5370 
644 5682 
500 5800 
403 5892 
154 5811 
82 5781 
58 5569 
193 5668 
106 5497 
212 5473 
396 5660 
430 5687 
502 5378 
276 5340 
385 5216 
228 5103 
180 5229 
166 5293 
122 5068 
36 4805 
119 4870 
245 5039 
424 4792 
442 4817 
488 4904 
523 4792 
683 4792 
606 5063 
754 4833 
767 4750 
930 4802 
957 4954 
881 5089 
1141 5151 
1038 4916 
1093 4892 
1106 4858 
1220 4944 
1411 5092 
1452 5391 
1628 5610 
1650 5551 
1680 5475 
1691 5337 
1772 5205 
1861 5601 
1912 5643 
2056 5846 
2066 5848 
2121 5883 
2173 5928 
2183 5623 
2356 5475 
2311 5451 
2464 5408 
2466 5413 
2488 5606 
2308 5953 
2349 6031 
2478 6062 
2611 5783 
2637 5977 
2702 5923 
2732 5875 
2722 5949 
2697 5992 
2665 6108 
2898 6224 
2851 6099 
2801 5865 
2995 6013 
3016 6089 
3015 5971 
3192 5941 
3264 6035 
3250 5939 
3235 5878 
3135 5796 
2756 5767 
2714 5605 
2577 5397 
2773 5402 
2847 5527 
2877 5535 
2954 5437 
3113 5592 
3251 5622 
3279 5721 
3408 5976 
3540 5722 
3761 5761 
3614 5693 
3712 5697 
3907 5486 
3660 5571 
3625 5558 
3700 5402 
3388 5191 
3319 5213 
3412 5550 
3254 5619 
3235 5234 
2926 5266 
2706 5347 
2606 5346 
2485 5203 
2469 5277 
2122 5181 
2072 5103 
2150 5110 
2313 5048 
2437 5047 
2812 5128 
2989 5161 
3048 4984 
3151 5019 
3359 5137 
3359 4905 
3442 4999 
3622 4849 
3547 5036 
3683 5052 
3863 5245 
3887 5034 
3775 4996 
3657 4905 
3808 4756 
4091 4836 
3864 4552 
3800 4624 
3819 4508 
3780 4399 
3629 4414 
3543 4759 
3497 4798 
3353 4704 
3386 4822 
3274 4908 
3232 4760 
3100 4946 
3207 4738 
2959 4737 
2777 4818 
2879 4644 
2674 4645 
2673 4551 
2464 4498 
2578 4697 
2654 4826 
2636 4859 
2333 4856 
2331 4778 
2266 4715 
2185 4744 
2129 4789 
2170 4729 
2226 4590 
2147 4715 
2062 4624 
1820 4746 
1880 4970 
1821 5019 
1674 4814 
1654 4984 
1591 4745 
1125 4753 
983 4582 
640 4623 
614 4541 
368 4664 
255 4606 
61 4796 
210 4589 
27 4317 
24 3177 
102 3817 
191 3838 
222 3929 
169 4164 
306 4416 
346 4478 
442 4468 
408 4420 
529 4362 
393 4273 
570 4204 
702 4192 
566 4145 
483 4083 
457 3936 
652 4077 
522 3870 
197 3782 
169 3756 
140 3758 
198 3686 
163 3366 
322 3149 
275 3372 
394 3203 
431 3345 
549 3201 
587 3317 
654 3744 
733 3752 
644 3755 
745 3798 
925 3648 
976 3868 
985 4033 
1036 4010 
1032 4046 
788 4274 
1046 4543 
1163 4592 
1412 4491 
1399 4424 
1366 4382 
1306 4294 
1249 4291 
1150 4110 
1250 4141 
1180 4094 
1185 4044 
1042 3848 
1233 3718 
1268 4076 
1514 3952 
1487 4062 
1425 4442 
1644 4517 
1573 4559 
1781 4693 
1843 4606 
2030 4536 
1824 4578 
1830 4404 
1706 4054 
1677 4030 
1791 3999 
1847 4126 
1913 4298 
1951 4400 
2219 4339 
1964 4156 
2086 4113 
2227 4319 
2186 4024 
2453 4051 
2506 4044 
2454 4273 
2322 4346 
2543 4380 
2798 4415 
2703 4291 
2819 4084 
2859 4198 
2913 4207 
3112 4337 
3377 4420 
3471 4369 
3401 4311 
3277 4256 
3265 4218 
3238 4112 
3193 4227 
3132 4161 
2998 4205 
3034 4148 
2871 4151 
2984 3915 
2743 3946 
2768 3836 
2761 3795 
2680 3839 
2472 3945 
2434 3643 
2537 3627 
2512 3572 
2554 3577 
2851 3724 
2902 3687 
3083 3715 
3193 3909 
3182 3626 
3351 3691 
3186 3495 
3103 3221 
2892 3322 
2599 3415 
2403 3502 
2281 3711 
2126 3731 
2156 3928 
2004 3966 
1895 3936 
2072 3860 
2056 3764 
2002 3654 
1963 3733 
1878 3827 
1856 3836 
1911 3706 
1720 3823 
1520 3836 
1649 3619 
1811 3557 
1752 3500 
1544 3567 
1490 3473 
1454 3504 
1355 3533 
1175 3511 
1388 3256 
1484 3408 
1663 3287 
1795 3273 
1946 3448 
2139 3543 
2209 3537 
2292 3386 
2466 3228 
2434 3219 
2469 3093 
2198 3220 
2408 2921 
2179 2750 
2108 2902 
2148 2921 
1965 3123 
2027 2945 
1889 2994 
1888 3032 
1802 3184 
1772 2969 
1854 2970 
1908 2958 
2017 2850 
1849 2842 
2023 2810 
2053 2748 
1932 2633 
1717 2802 
1623 2737 
1646 2826 
1585 2813 
1611 2884 
1544 2791 
1514 3046 
1343 2821 
1285 3183 
1031 3365 
819 3286 
793 3669 
675 3337 
738 3307 
612 3164 
540 3156 
581 3046 
720 2993 
880 3129 
1027 3085 
1001 3023 
1062 2892 
895 2902 
864 2984 
742 2959 
511 2985 
698 2663 
722 2638 
551 2623 
497 2608 
474 2561 
430 2629 
276 2555 
192 2635 
27 2422 
134 2093 
166 2374 
432 2519 
515 2269 
541 2442 
736 2437 
802 2592 
836 2728 
840 2781 
995 2648 
866 2617 
872 2437 
938 2398 
807 2286 
630 2144 
873 2038 
925 2035 
1299 2274 
1110 2469 
1155 2535 
1386 2521 
1333 2268 
1494 2399 
1465 2474 
1633 2540 
1724 2602 
1743 2551 
1595 2460 
1568 2413 
1699 2312 
1509 2350 
1390 2210 
1344 2054 
1333 1911 
1447 2069 
1643 2060 
1713 2292 
1768 2078 
1872 2096 
1965 2210 
1848 2375 
1721 2322 
1836 2430 
2011 2518 
2026 2631 
2191 2739 
2431 2891 
2702 2827 
2847 3086 
2927 3098 
2965 2791 
2834 2671 
2983 2567 
2823 2594 
2663 2654 
2630 2697 
2267 2639 
2108 2514 
2229 2534 
2478 2483 
2472 2384 
2412 2392 
2313 2307 
2148 2422 
1988 2436 
1993 2270 
2110 2366 
2157 2294 
2080 2185 
2124 2159 
2082 2029 
2035 2137 
1919 2059 
2037 1989 
2088 2023 
2192 2020 
2156 1880 
2116 1824 
1921 1862 
1818 2000 
1619 1922 
1392 1871 
1621 1890 
1674 1848 
1827 1874 
1715 1735 
1794 1643 
1678 1709 
1722 1566 
1712 1541 
1722 1512 
2139 1441 
2217 1608 
2228 1744 
2272 1614 
2333 1633 
2404 1455 
2469 1535 
2550 1424 
2616 1505 
2743 1419 
2662 1401 
2563 1365 
2664 1110 
2355 1265 
2345 1298 
2214 1309 
2284 1220 
2360 1106 
2196 931 
2191 698 
2033 830 
2086 938 
2079 966 
1965 1001 
2130 1093 
2103 1307 
1923 1028 
1762 1242 
1650 1100 
1544 1016 
1472 1065 
1543 1185 
1420 1343 
1606 1511 
1383 1412 
1513 1660 
1426 1782 
1401 1808 
1171 1667 
1083 1648 
976 1843 
847 1969 
881 1844 
869 1818 
826 1959 
602 2015 
565 2154 
297 2020 
506 1839 
593 1824 
638 1778 
563 1725 
742 1688 
808 1604 
915 1665 
808 1547 
1044 1537 
848 1428 
867 1259 
543 1354 
815 1118 
399 998 
358 1116 
332 1261 
76 1286 
73 1406 
80 1410 
202 1591 
188 1634 
120 1748 
111 1546 
47 1932 
23 2014 
37 1349 
108 982 
331 845 
82 883 
100 545 
348 663 
156 487 
267 469 
382 642 
417 873 
556 854 
880 911 
872 1065 
908 1156 
1000 1094 
1212 1389 
1400 1134 
1157 829 
1467 886 
1479 813 
1390 629 
1216 654 
1044 632 
976 686 
1040 658 
957 739 
645 754 
619 701 
612 551 
550 420 
281 315 
146 299 
271 92 
241 32 
497 46 
446 146 
478 206 
511 34 
661 28 
720 250 
674 427 
718 565 
838 584 
742 538 
937 403 
996 303 
1151 277 
1032 185 
1079 147 
1114 160 
1266 227 
1312 344 
1456 290 
1281 138 
1210 75 
782 1 
1633 18 
1577 316 
1539 809 
1595 872 
1775 1098 
1838 845 
1895 747 
1953 805 
1968 662 
2081 713 
2031 606 
2069 586 
1964 412 
1741 210 
1962 312 
1897 226 
2024 180 
1893 82 
2054 105 
2136 81 
2068 263 
2136 300 
2246 27 
2328 2 
2583 93 
2480 244 
2608 146 
2645 204 
2656 119 
2891 245 
3095 227 
3025 114 
3707 5 
3362 185 
3393 191 
3347 232 
3259 263 
3284 298 
3163 389 
3128 293 
3084 301 
3120 468 
2860 658 
2666 488 
2653 570 
2611 494 
2596 586 
2568 609 
2515 567 
2554 395 
2394 573 
2156 608 
2192 677 
2313 693 
2408 730 
2632 795 
2658 874 
2687 936 
2719 911 
2800 1130 
2927 961 
2850 908 
2909 752 
2973 769 
2974 840 
2958 869 
3067 935 
3038 835 
3084 596 
3205 595 
3269 691 
3383 539 
3352 482 
3502 205 
3601 459 
3494 639 
3564 690 
3500 812 
3450 856 
3184 881 
3065 1101 
2879 1256 
2797 1210 
2823 1359 
2800 1542 
2563 1577 
2346 1763 
2394 1834 
2478 2157 
2594 1985 
2569 1887 
2756 1833 
2815 1958 
2940 2039 
3025 1760 
2929 1610 
2979 1403 
3113 1630 
3092 1698 
3264 1585 
3145 1384 
3105 1224 
3234 1303 
3263 1352 
3395 1158 
3354 1137 
3419 1032 
3436 1118 
3469 1226 
3561 1100 
3661 1113 
3545 1018 
3583 812 
3681 673 
3732 525 
3769 468 
3659 76 
3916 113 
3921 272 
3901 371 
4093 734 
3849 1016 
3759 1102 
3843 1033 
3820 1135 
3786 1188 
3596 1171 
3561 1235 
3487 1405 
3637 1324 
3616 1405 
3605 1407 
3595 1468 
3781 1357 
3865 1246 
3886 1382 
3913 1358 
3991 1519 
3957 1309 
4022 1133 
4087 1253 
4123 1299 
4130 1241 
4134 1178 
4311 1216 
4300 1022 
4425 1167 
4397 1431 
4385 1546 
4041 1918 
3768 1887 
3700 2060 
3825 2108 
3685 2080 
3676 2046 
3703 1814 
3510 1542 
3453 1631 
3487 1700 
3457 1697 
3412 1605 
3394 1738 
3379 1976 
3391 2056 
3280 2235 
3145 2045 
3028 2055 
3058 2243 
2696 2140 
2576 2208 
2723 2364 
2518 2436 
2786 2434 
3080 2284 
2995 2558 
3135 2737 
3237 2908 
3169 2702 
3250 2488 
3301 2548 
3345 2662 
3398 2553 
3306 2385 
3336 2260 
3398 2157 
3582 2151 
3711 2203 
3712 2243 
3745 2556 
3512 2622 
3522 2938 
3338 2979 
3109 3182 
3315 3209 
3298 3418 
3464 3344 
3643 3491 
3686 3489 
3816 3608 
3807 3462 
3778 3361 
3746 3246 
3523 3176 
3539 2968 
3651 2838 
3752 2686 
3782 2825 
3705 2966 
3863 2887 
3898 2904 
3824 3165 
3974 2922 
4025 2933 
4083 2868 
3963 2825 
3952 2845 
3889 2701 
3807 2617 
3996 2599 
3984 2675 
4044 2631 
4055 2670 
4083 2687 
4062 2596 
4029 2417 
4050 2389 
3930 2452 
3862 2151 
3993 2190 
4040 2045 
4133 2320 
4264 2325 
4178 2519 
4187 2572 
4218 2540 
4322 2497 
4293 2536 
4300 2572 
4336 2540 
4380 2720 
4345 2775 
4265 2912 
4155 3233 
4120 3390 
4351 3312 
4349 3184 
4356 3075 
4741 3186 
4921 3172 
4919 2950 
4694 2925 
4513 2648 
4617 2390 
4674 2341 
4648 2265 
4639 2157 
4484 2119 
4476 2106 
4425 2037 
4447 1900 
4519 1690 
4616 1776 
4606 1928 
4566 2077 
4736 2038 
4729 2070 
4862 1936 
5134 2356 
4739 2300 
4867 2425 
4739 2503 
4793 2503 
4841 2498 
4882 2486 
4956 2661 
4927 2452 
5177 2553 
5096 2714 
5042 2824 
4949 2929 
4994 3089 
5086 3084 
5076 2915 
5157 2968 
5195 3149 
5020 3274 
5097 3357 
5128 3348 
5240 3326 
5568 3160 
5504 3056 
5617 3127 
5626 2948 
5512 2755 
5380 2666 
5350 2637 
5332 2226 
5332 2185 
5253 2187 
4991 1876 
4687 1713 
4506 1435 
4781 1277 
4705 1234 
4628 1184 
4756 857 
4347 911 
4314 937 
4307 774 
4195 617 
4410 541 
4104 396 
4016 337 
4089 188 
4142 256 
4097 1 
5305 69 
5161 157 
4999 282 
5242 285 
5008 373 
4937 384 
4667 522 
4561 564 
4635 579 
4580 678 
4522 680 
4748 832 
4872 736 
4876 690 
4916 720 
4885 633 
4936 486 
5113 510 
5066 675 
5163 539 
5267 417 
5294 625 
4983 911 
4979 1149 
5182 1177 
5010 1278 
5162 1308 
5169 1372 
4987 1400 
4924 1314 
4861 1277 
4957 1459 
5073 1579 
5347 1572 
5452 1558 
5424 1416 
5286 1295 
5426 1317 
5473 1038 
5528 1054 
5591 1018 
5676 1099 
5755 1064 
5794 822 
5635 799 
5538 463 
5405 150 
5694 150 
5542 50 
5760 141 
5813 182 
5956 69 
6440 42 
6197 66 
5952 365 
5742 473 
5853 558 
6013 416 
5962 682 
5949 809 
5917 867 
5844 912 
5938 923 
6031 847 
6051 763 
6130 765 
6198 734 
6124 942 
6279 1014 
6176 1114 
6158 1325 
6058 1042 
5872 1002 
5804 1054 
5932 1395 
5999 1373 
5910 1420 
5716 1574 
5549 1732 
5392 1708 
5336 1742 
5174 1820 
5311 1869 
5293 1891 
5387 1999 
5382 2010 
5420 2194 
5443 2242 
5736 2609 
5803 2617 
5656 2942 
5861 3141 
5967 3177 
5968 3125 
6009 2737 
5909 2670 
5978 2612 
5879 2549 
5832 2534 
5895 2512 
5883 2341 
5570 2129 
5469 1904 
5901 1972 
5704 1687 
5967 1688 
5948 1618 
6095 1607 
6170 1692 
6305 1746 
6274 1571 
6130 1528 
6120 1423 
6252 1471 
6279 1548 
6488 1396 
6470 1743 
6296 1776 
6162 1875 
6326 1986 
6252 2176 
6123 2211 
6186 2306 
6238 2314 
6196 2580 
5996 2616 
6124 2767 
6184 2934 
6205 2842 
6264 2785 
6567 2658 
6599 2635 
6558 2594 
6415 2354 
6392 2136 
6438 2066 
6535 1957 
6458 2070 
6524 2082 
6535 2272 
6537 2377 
6564 2471 
6665 2476 
7114 2636 
7128 2388 
6964 2199 
6909 2184 
6697 2224 
6606 2208 
6754 2016 
6735 1737 
6945 1598 
6869 1557 
6720 1436 
6675 1408 
6493 1372 
6684 1212 
6786 1348 
6842 1314 
6808 1154 
6629 1139 
6776 884 
6492 787 
6399 848 
6255 679 
6074 420 
6320 658 
6386 372 
6263 292 
6318 182 
6366 183 
6373 226 
6484 204 
6590 287 
6563 373 
6474 521 
6472 578 
6485 767 
6577 711 
6675 375 
6687 300 
6601 197 
6542 179 
6447 157 
6531 46 
6854 104 
6910 105 
6926 110 
6805 245 
6997 404 
6944 410 
6766 687 
7025 798 
7027 541 
7110 700 
7117 517 
7028 426 
7197 469 
7120 321 
7292 176 
7304 179 
7441 289 
7650 332 
7666 162 
7578 50 
7965 12 
7809 144 
7971 107 
7909 244 
7763 359 
7927 253 
7760 387 
7476 506 
7303 579 
7222 734 
7177 868 
7308 762 
7450 592 
7617 770 
7417 871 
7391 930 
7105 1139 
6954 966 
6913 1052 
7053 1284 
6934 1360 
7094 1360 
7115 1480 
7179 1663 
7213 1752 
7236 1920 
7166 2093 
7245 1984 
7385 2200 
7535 2210 
7454 1961 
7447 1784 
7452 1717 
7363 1630 
7219 1527 
7119 1382 
7324 1259 
7346 1303 
7450 1430 
7470 1320 
7491 997 
7614 1045 
7614 1254 
7673 1068 
7858 1188 
7778 1040 
7916 1002 
7916 994 
7630 826 
7669 719 
7663 696 
7982 688 
7974 889 
8016 750 
8142 828 
8125 1064 
7877 1110 
8075 1274 
8221 1222 
8266 1290 
8264 1339 
8150 1411 
7877 1456 
7763 1649 
7699 1616 
7749 1415 
7504 1519 
7572 1718 
7623 1762 
7599 1877 
7713 1966 
7837 2237 
7886 2235 
7997 2232 
8068 2134 
7999 2174 
7930 1892 
7899 1887 
7746 1898 
7790 1782 
7849 1650 
7992 1807 
8149 1823 
8148 1712 
8148 1525 
8184 1462 
8320 1350 
8265 1609 
8229 1727 
8339 1654 
8244 1769 
8157 1929 
8317 1947 
8480 1736 
8437 1623 
8393 1332 
8372 1226 
8305 1131 
8369 938 
8215 999 
8330 846 
8245 761 
8114 646 
8340 536 
8202 462 
8113 437 
8127 250 
8149 427 
8177 250 
8301 416 
8246 180 
8068 205 
8257 62 
8484 90 
8520 261 
8522 411 
8730 202 
8992 62 
9025 62 
9134 85 
9152 192 
9026 421 
8790 566 
8619 770 
8477 902 
8521 893 
8584 945 
8567 1034 
8484 1040 
8495 1243 
8545 1081 
8626 1283 
8570 1052 
8600 989 
8777 978 
8803 781 
9033 747 
9106 656 
9208 513 
9179 461 
9156 392 
9230 317 
9284 309 
9444 49 
9309 317 
9514 493 
9621 397 
9535 307 
9688 331 
9704 337 
9908 225 
9988 103 
9932 601 
9899 564 
9671 471 
9877 621 
9791 793 
9876 869 
9980 1159 
9863 1101 
9708 1002 
9668 668 
9349 536 
9238 719 
9078 904 
9091 959 
9066 970 
8912 1136 
9123 1066 
9351 1097 
9465 1146 
9500 1126 
9667 1229 
9457 1299 
9389 1141 
9178 1179 
9407 1412 
9325 1610 
9211 1571 
9089 1427 
8907 1268 
9004 1477 
8863 1437 
8825 1393 
8845 1465 
8607 1507 
8612 1400 
8617 1357 
8557 1335 
8598 1511 
8614 1686 
8798 1598 
9102 1570 
9134 1566 
9110 1701 
9249 1660 
9342 1752 
9282 1818 
9089 1986 
8918 1923 
8597 1866 
8685 1996 
8514 2048 
8402 2080 
8314 2055 
8246 2110 
8104 2057 
8087 2122 
8138 2243 
8175 2138 
8191 2256 
8383 2136 
8336 2409 
8512 2262 
8877 2029 
9134 2076 
9167 2030 
9424 1900 
9463 1714 
9522 1839 
9598 1859 
9740 1713 
9509 1720 
9715 1368 
9901 1147 
9986 1276 
9842 1732 
9997 1927 
9963 1948 
9647 1868 
9536 1943 
9837 2091 
9624 2206 
9528 2191 
9273 2188 
9320 2245 
9116 2414 
8986 2452 
9034 2451 
9149 2546 
9272 2435 
9283 2474 
9385 2513 
9371 2333 
9560 2215 
9584 2442 
9698 2274 
9872 2186 
9972 2336 
9770 2547 
9729 2570 
9698 2575 
9540 2612 
9382 2634 
9246 2755 
9241 2918 
9252 3120 
9369 3223 
9338 3077 
9325 3059 
9455 2900 
9541 2655 
9568 2662 
9634 2818 
9516 3031 
9719 2972 
9811 2834 
9905 3038 
9944 2737 
9997 2241 
9931 3671 
9738 3239 
9663 3380 
9436 3315 
9646 3448 
9392 3595 
9296 3388 
9130 3635 
9142 3420 
9013 3519 
9058 3404 
9154 3142 
9066 2825 
8854 2647 
8795 2608 
8564 2464 
8697 2610 
8832 2738 
8749 2824 
8831 2793 
8882 2828 
8869 3225 
9011 3437 
8747 3288 
8728 3274 
8694 3192 
8679 3078 
8656 3248 
8460 2990 
8292 2966 
8479 2737 
8491 2629 
8281 2504 
8317 2630 
8199 2918 
8145 2827 
8055 2541 
8026 2552 
7926 2582 
7955 2320 
7617 2441 
7403 2556 
7504 2614 
7395 2679 
7590 2664 
7789 2788 
7922 2884 
8235 3005 
8225 3108 
8420 3399 
8385 3586 
8370 3584 
8238 3322 
8123 3254 
7840 3030 
7794 3029 
7644 2818 
7578 2828 
7690 3094 
7911 3253 
7667 3260 
7634 3140 
7389 2918 
7317 2965 
7426 3125 
7458 3204 
7465 3275 
7612 3371 
7406 3353 
7342 3249 
7325 3420 
7226 3329 
7168 3015 
7074 2753 
6965 2870 
6691 2829 
6900 2908 
6779 3053 
6790 3091 
6853 3301 
6787 3212 
6589 3053 
6593 3030 
6418 2900 
6501 3124 
6275 3165 
6034 3243 
6298 3196 
6320 3204 
6320 3451 
6483 3222 
6522 3211 
6655 3315 
6679 3320 
6805 3283 
6765 3339 
6828 3407 
6733 3512 
6991 3510 
6913 3716 
7131 3484 
7413 3531 
7478 3736 
7592 3597 
7840 3590 
7861 3741 
8058 3639 
8197 3979 
7965 3934 
7710 4038 
7627 3904 
7275 3891 
7220 3892 
7096 3877 
6925 3772 
6820 3752 
6982 3924 
6742 4050 
6672 3815 
6638 3797 
6469 3743 
6433 3793 
6478 3771 
6438 3863 
6248 3732 
6290 3545 
6200 3511 
6145 3486 
5959 3307 
6121 3544 
5830 3478 
5642 3667 
5727 3826 
6066 3810 
6183 3869 
5945 3945 
6208 3912 
6203 4133 
6220 4192 
6051 4192 
5931 4266 
6094 4361 
6261 4230 
6279 4209 
6345 3992 
6472 3965 
6486 3970 
6450 4299 
6657 4149 
6659 4120 
6766 4120 
6705 4179 
6663 4260 
6671 4426 
6588 4493 
6325 4476 
6216 4383 
6092 4388 
5751 4502 
6117 4662 
6325 4573 
6435 4645 
6558 4579 
6799 4653 
6781 4355 
6909 4146 
6947 4079 
7152 4087 
7256 4066 
7168 4131 
7041 4271 
7119 4257 
7245 4495 
7338 4461 
7299 4290 
7438 4090 
7611 4299 
7700 4069 
7945 4100 
8106 4020 
8016 4122 
7997 4188 
8440 4165 
8611 3945 
8502 3848 
8412 3753 
8518 3586 
8529 3492 
8659 3324 
8762 3649 
8790 3708 
8793 3645 
8912 3599 
9019 3597 
8887 3717 
8901 3783 
8990 3761 
9042 3864 
8827 3922 
8775 3938 
8869 4015 
8874 4048 
9113 3946 
9268 4012 
9134 3921 
9182 3821 
9328 3966 
9322 3768 
9437 3724 
9494 3662 
9580 3669 
9502 3897 
9728 3647 
9915 4019 
9912 4077 
9955 4577 
9833 4360 
9894 4095 
9801 4090 
9660 4211 
9376 4079 
9224 4119 
9321 4296 
9329 4369 
9384 4360 
9705 4495 
9747 4588 
9677 4528 
9484 4596 
9320 4403 
9246 4381 
9115 4169 
8868 4261 
8623 4096 
8757 4357 
8718 4361 
8296 4432 
7984 4280 
7939 4322 
7986 4482 
7810 4507 
7776 4565 
7729 4574 
7489 4444 
7710 4673 
7699 4692 
7516 4788 
7246 4562 
7170 4597 
7005 4610 
6851 4859 
6728 4814 
6545 4662 
6479 4753 
6511 4806 
6652 4936 
6510 4941 
6332 4823 
6116 4944 
6041 5253 
6020 5356 
6173 5517 
6205 5433 
6235 5361 
6230 5264 
6223 5015 
6331 5035 
6426 5276 
6410 5021 
6626 5101 
6630 5160 
6779 5036 
6908 4878 
7047 5131 
7167 5165 
7078 4916 
7284 5149 
7483 4888 
7675 4926 
7953 4962 
7836 4858 
7937 4653 
8009 4831 
8066 4584 
8340 4613 
8367 4604 
8454 4587 
8438 4668 
8277 4721 
8337 4793 
8344 4986 
8266 4837 
8230 4900 
8277 4958 
8176 4979 
7952 5109 
8118 5296 
8263 5247 
8141 5387 
8046 5433 
7971 5337 
7685 5238 
7550 5179 
7390 5213 
7242 5304 
7388 5445 
7445 5713 
7496 5471 
7426 5255 
7464 5234 
7549 5194 
7647 5317 
7537 5455 
7756 5396 
7737 5543 
7787 5550 
7900 5582 
7830 5830 
7987 5723 
8049 5556 
8265 5520 
8447 5507 
8313 5693 
8153 5969 
7884 6061 
8098 6096 
8203 6182 
8244 6254 
8228 6185 
8268 6169 
8324 5926 
8332 5851 
8436 6003 
8475 5700 
8494 5675 
8501 5644 
8607 5349 
8454 5253 
8692 5302 
8553 5071 
8451 4901 
8601 4660 
8736 4741 
8727 4612 
8832 4478 
9055 4470 
8868 4563 
8973 4608 
8851 4654 
8994 4637 
9029 4597 
9237 4415 
9184 4771 
9037 4722 
8862 4757 
8869 4795 
8980 5072 
8835 4959 
8603 4984 
8854 5249 
8685 5320 
8939 5602 
9009 5472 
9062 5351 
9228 5224 
9419 5056 
9163 5046 
9223 4788 
9416 4932 
9497 4730 
9647 4752 
9981 4804 
9696 4878 
9895 5113 
9699 5063 
9892 5379 
9654 5411 
9624 5394 
9542 5390 
9503 5437 
9299 5388 
9117 5570 
9177 5667 
9259 5585 
9323 5509 
9545 5583 
9404 5762 
9337 5718 
9199 5722 
8955 5747 
8801 5647 
8764 5893 
8887 5840 
8840 5950 
8941 5962 
9027 5980 
9223 5978 
9164 6041 
8934 6033 
8847 6066 
8793 6173 
8767 6105 
8621 6128 
8589 6291 
8410 6169 
8593 6336 
8898 6470 
9084 6444 
9218 6102 
9242 6081 
9352 5918 
9391 5856 
9582 6011 
9592 5824 
9676 5576 
9813 6092 
9899 6169 
9931 5433 
9993 5180 
9946 7789 
9923 6306 
9802 6165 
9786 6125 
9683 6068 
9622 6094 
9543 6051 
9539 6124 
9268 6143 
9541 6301 
9509 6473 
9251 6540 
9467 6613 
9592 6436 
9630 6374 
9716 6462 
9748 6417 
9790 6392 
9790 6455 
9872 6500 
9760 6599 
9870 6661 
9722 6807 
9761 6823 
9847 6802 
9905 6862 
9764 7255 
9783 6983 
9811 6919 
9781 6869 
9700 7006 
9734 7198 
9760 7252 
9666 7280 
9639 7146 
9584 6851 
9312 6665 
9357 6954 
9222 6887 
9240 6999 
9075 6836 
9221 6671 
9002 6583 
8840 6757 
8699 6591 
8663 6666 
8599 6574 
8454 6605 
8481 6891 
8347 6931 
8329 7006 
8453 6971 
8547 7013 
8343 7038 
8304 7030 
8290 7131 
8338 7404 
8622 7231 
8780 7181 
8942 7064 
8983 7085 
8943 7245 
9046 7097 
9223 7121 
9028 7300 
9292 7159 
9155 7447 
9014 7391 
8995 7311 
8964 7449 
8775 7393 
8610 7502 
8578 7645 
8639 7530 
8795 7445 
8903 7658 
9026 7571 
9129 7635 
9242 7608 
9416 7488 
9538 7381 
9783 7404 
9535 7686 
9791 7788 
9866 7798 
9745 7989 
9693 7976 
9445 7747 
9283 7733 
9139 7672 
9121 7712 
9010 7620 
9028 7764 
9158 7829 
9068 7907 
9164 7835 
9243 8061 
9357 7949 
9449 8097 
9698 8213 
9610 8330 
9798 8362 
9831 8216 
9905 8180 
9903 8239 
9854 8399 
9674 8413 
9442 8485 
9487 8573 
9656 8587 
9657 8593 
9775 8634 
9744 8740 
9763 8850 
9865 9000 
9927 8506 
9993 9754 
9929 9539 
9930 9174 
9888 9019 
9659 9159 
9693 8862 
9487 8702 
9441 8580 
9428 8711 
9219 8496 
9200 8298 
9264 8208 
9190 8082 
9187 8205 
8963 8175 
9036 8347 
8778 8415 
8842 8584 
9114 8395 
9119 8667 
8873 8629 
8889 8723 
8783 8706 
8659 8457 
8352 8608 
8508 8732 
8557 8732 
8620 8780 
8655 8802 
8579 8776 
8653 9063 
8700 9052 
8694 9186 
8788 9053 
8921 8910 
9081 8925 
9274 8979 
9024 9027 
9035 9104 
9158 9221 
9310 9227 
9510 9220 
9316 9244 
9351 9424 
9492 9552 
9509 9346 
9617 9232 
9794 9281 
9908 9532 
9732 9517 
9721 9591 
9615 9643 
9700 9663 
9970 9788 
9571 9967 
9472 9753 
9257 9619 
9243 9661 
9188 9612 
9185 9720 
9124 9985 
8987 9744 
9033 9490 
9197 9532 
9341 9456 
9195 9268 
8952 9249 
8874 9130 
8818 9166 
8698 9237 
8857 9282 
8883 9460 
8677 9307 
8462 9367 
8616 9590 
8692 9889 
8629 9926 
8610 9931 
8585 9856 
8578 9970 
8270 9797 
8167 9870 
8020 9785 
8144 9575 
8197 9527 
8240 9417 
8458 9355 
8468 9148 
8038 9364 
7963 8827 
8118 8720 
8312 8600 
8312 8512 
8200 8324 
8260 8362 
8452 8208 
8721 8304 
8936 8066 
8902 7829 
8821 7905 
8713 7972 
8700 7932 
8809 7738 
8692 7725 
8511 7902 
8486 7820 
8385 7924 
8285 7935 
8290 8211 
8213 8237 
8168 8305 
8164 8256 
8155 7990 
7994 8312 
7678 8206 
8024 7870 
8114 7857 
8205 7842 
8254 7842 
8324 7803 
8482 7625 
8436 7567 
8431 7459 
8263 7439 
8219 7328 
8184 7302 
8240 7179 
8138 7266 
8237 7082 
