800
861 510 
841 472 
824 504 
794 548 
740 517 
745 539 
707 529 
700 513 
662 529 
675 497 
637 530 
653 552 
640 566 
672 552 
666 604 
749 565 
788 564 
800 569 
857 592 
799 577 
769 578 
768 607 
773 598 
789 612 
802 600 
812 630 
884 597 
921 588 
935 654 
951 661 
946 676 
978 701 
970 719 
954 707 
913 711 
891 702 
900 709 
904 736 
968 739 
965 767 
987 794 
949 800 
898 814 
883 797 
861 750 
847 723 
841 703 
800 712 
803 690 
786 643 
769 674 
774 722 
790 729 
801 716 
797 733 
844 748 
855 765 
816 771 
819 786 
812 789 
844 817 
805 826 
797 798 
775 742 
727 767 
727 821 
762 811 
769 841 
747 848 
769 865 
788 850 
789 878 
752 875 
766 912 
758 936 
809 970 
821 945 
795 949 
798 917 
823 931 
813 887 
813 859 
810 834 
836 851 
844 851 
847 859 
856 845 
897 901 
922 826 
980 862 
933 819 
977 814 
985 851 
988 861 
991 818 
993 992 
991 966 
944 924 
899 909 
943 954 
941 974 
850 975 
974 999 
635 982 
611 953 
620 944 
699 927 
728 874 
714 861 
688 899 
675 830 
649 844 
599 898 
588 833 
642 820 
644 802 
655 763 
636 802 
582 783 
591 751 
554 771 
575 833 
578 884 
542 841 
540 772 
517 770 
484 819 
483 820 
500 839 
518 856 
539 896 
540 927 
558 920 
560 918 
572 907 
573 925 
590 959 
579 979 
576 993 
540 951 
511 989 
504 974 
500 946 
487 962 
479 938 
453 988 
440 921 
469 918 
458 902 
487 897 
508 909 
514 916 
519 910 
501 885 
503 882 
485 879 
470 857 
465 876 
424 901 
437 856 
415 891 
406 855 
427 830 
402 831 
396 840 
373 815 
407 803 
424 807 
426 801 
405 789 
430 800 
447 780 
437 760 
414 731 
368 753 
377 723 
401 717 
389 711 
402 713 
408 705 
413 709 
434 691 
406 641 
452 624 
477 611 
442 607 
393 626 
399 631 
383 645 
379 691 
373 708 
369 730 
338 703 
314 715 
365 774 
292 797 
275 745 
258 775 
290 803 
355 828 
384 845 
395 866 
367 887 
386 883 
404 893 
403 910 
390 959 
357 941 
355 963 
381 979 
397 998 
359 999 
361 984 
318 1000 
328 963 
308 990 
301 965 
288 989 
266 989 
211 956 
239 923 
226 917 
256 909 
289 942 
315 923 
264 891 
277 881 
277 842 
292 848 
285 833 
291 823 
229 803 
223 832 
214 832 
232 852 
235 877 
228 886 
195 872 
166 965 
206 963 
225 998 
209 994 
6 999 
69 972 
89 973 
121 970 
107 968 
125 959 
119 942 
105 946 
61 946 
97 911 
119 923 
127 902 
155 855 
110 888 
86 846 
70 882 
57 858 
52 848 
47 856 
38 900 
52 918 
47 938 
41 936 
42 957 
55 972 
35 956 
10 975 
13 949 
24 934 
22 910 
6 922 
2 652 
14 828 
60 804 
75 749 
52 759 
36 743 
17 733 
10 693 
21 678 
35 655 
41 683 
24 706 
71 715 
71 722 
77 712 
98 741 
117 783 
115 735 
181 755 
197 719 
233 730 
240 762 
262 736 
267 738 
285 710 
256 689 
306 702 
251 663 
246 680 
231 695 
210 707 
198 717 
211 700 
206 674 
217 668 
209 670 
195 642 
154 629 
194 671 
145 708 
109 709 
131 661 
82 693 
62 654 
78 631 
65 622 
69 600 
110 622 
86 586 
97 582 
125 569 
142 573 
155 549 
90 521 
90 550 
52 560 
54 611 
40 622 
2 620 
4 571 
9 565 
25 521 
65 518 
63 516 
62 512 
80 507 
71 501 
106 483 
104 500 
111 492 
140 502 
152 461 
140 456 
95 438 
63 494 
75 397 
11 504 
1 271 
18 355 
30 304 
76 356 
138 398 
120 426 
154 413 
145 438 
163 438 
164 455 
164 482 
187 450 
193 496 
205 439 
259 465 
295 514 
254 543 
199 542 
238 555 
225 580 
235 630 
264 589 
329 620 
354 652 
373 606 
340 583 
305 529 
339 515 
356 499 
356 477 
344 496 
315 490 
341 476 
319 465 
355 405 
308 461 
293 458 
289 402 
272 450 
258 382 
266 377 
257 354 
244 363 
207 375 
191 368 
206 342 
185 347 
127 311 
158 290 
174 307 
196 324 
180 289 
220 311 
215 344 
260 339 
248 318 
240 312 
251 306 
207 258 
194 249 
222 238 
260 211 
277 201 
276 182 
250 179 
240 198 
223 208 
216 174 
204 167 
154 171 
191 207 
153 235 
130 207 
142 240 
94 254 
106 270 
92 258 
18 275 
79 235 
96 217 
78 211 
97 207 
128 174 
98 169 
85 191 
84 178 
68 192 
22 118 
56 124 
23 100 
69 85 
56 37 
47 34 
3 63 
21 9 
34 15 
24 7 
129 1 
87 29 
96 43 
159 74 
149 46 
169 27 
187 50 
192 65 
166 92 
136 113 
82 85 
90 112 
130 134 
140 156 
159 143 
201 104 
191 144 
227 146 
243 157 
250 163 
255 158 
293 144 
250 110 
215 65 
197 25 
255 5 
255 51 
268 85 
308 96 
294 30 
259 5 
299 19 
340 47 
369 36 
340 10 
402 31 
373 54 
393 73 
369 80 
388 85 
372 99 
364 108 
365 96 
344 92 
360 73 
338 80 
332 89 
309 147 
367 122 
372 165 
349 165 
306 158 
294 171 
309 170 
296 204 
277 270 
313 214 
345 176 
375 211 
328 276 
313 282 
302 284 
312 297 
332 302 
307 304 
296 301 
267 351 
289 379 
347 350 
298 388 
359 370 
364 334 
368 333 
389 350 
423 341 
379 316 
387 224 
439 265 
408 192 
463 247 
485 285 
442 278 
482 301 
433 333 
425 356 
433 372 
419 372 
405 382 
395 415 
417 391 
416 421 
400 474 
437 439 
409 479 
423 572 
445 561 
439 491 
452 445 
467 460 
471 471 
471 491 
485 497 
521 527 
507 475 
473 448 
491 408 
503 361 
521 379 
513 444 
529 457 
535 519 
560 454 
597 412 
614 433 
617 490 
655 431 
648 400 
621 387 
650 366 
640 363 
637 344 
653 337 
625 303 
620 325 
609 344 
607 316 
582 308 
550 346 
529 304 
549 320 
543 303 
556 306 
585 305 
594 296 
538 287 
501 275 
508 247 
488 252 
472 171 
457 151 
386 159 
444 126 
398 113 
394 93 
435 103 
459 110 
442 90 
463 76 
458 54 
450 68 
453 45 
480 56 
505 64 
525 55 
490 49 
490 32 
509 19 
539 10 
548 33 
531 73 
529 90 
525 108 
547 165 
540 203 
526 230 
569 242 
546 226 
582 207 
558 191 
552 182 
576 153 
535 101 
590 132 
584 97 
594 52 
609 37 
616 76 
634 33 
671 12 
678 32 
668 83 
651 98 
619 93 
615 107 
648 142 
606 187 
646 177 
642 194 
628 259 
604 293 
623 295 
642 265 
660 263 
662 215 
678 209 
672 199 
654 171 
651 155 
669 156 
655 136 
662 126 
662 115 
704 106 
743 113 
780 156 
811 155 
789 140 
803 126 
767 101 
740 106 
687 69 
707 30 
730 26 
715 11 
713 10 
936 1 
875 31 
845 76 
886 47 
925 24 
949 36 
959 24 
946 58 
956 89 
915 90 
864 124 
817 96 
837 140 
822 137 
834 155 
846 159 
858 157 
882 140 
944 108 
999 202 
982 202 
915 179 
888 195 
942 210 
945 216 
941 247 
888 244 
937 256 
928 268 
876 263 
842 266 
853 242 
871 208 
860 181 
846 182 
837 223 
769 195 
755 196 
743 170 
685 161 
682 176 
682 177 
737 195 
702 207 
698 210 
683 217 
665 263 
707 227 
740 209 
767 218 
808 256 
781 255 
733 232 
720 303 
772 273 
795 285 
818 302 
844 301 
862 325 
834 326 
792 321 
789 322 
772 324 
769 324 
728 330 
720 336 
724 347 
739 367 
777 338 
755 372 
794 339 
841 359 
788 407 
741 414 
709 389 
696 346 
683 374 
672 345 
652 367 
673 395 
702 396 
707 417 
690 423 
708 425 
685 463 
684 496 
713 493 
720 477 
730 475 
744 480 
742 440 
745 419 
766 449 
765 462 
789 461 
786 486 
821 463 
814 432 
817 414 
838 435 
876 460 
892 463 
884 451 
880 407 
885 390 
886 388 
869 366 
894 335 
903 342 
913 367 
911 340 
924 294 
934 297 
934 299 
966 330 
962 337 
991 332 
990 365 
999 373 
979 414 
956 418 
924 392 
920 390 
929 410 
934 421 
952 426 
946 483 
970 473 
963 539 
990 424 
971 608 
942 545 
893 570 
932 513 
940 489 
896 494 
870 509 
873 529 
