1600
2208 2390 
2376 2817 
2372 2942 
2505 2893 
2550 2979 
2686 3027 
2777 2471 
2494 2743 
2378 2552 
2295 2363 
2355 2307 
2287 2238 
2363 2258 
2429 2391 
2526 2532 
2788 2411 
2522 2053 
2548 1990 
2499 1985 
2096 1770 
2118 1745 
2280 1657 
2158 1654 
2002 1601 
1932 1642 
1579 1751 
1387 1316 
1154 1220 
1300 1210 
1182 968 
991 1121 
1026 895 
728 754 
875 1092 
806 1166 
316 869 
192 825 
119 187 
306 607 
699 752 
646 450 
823 281 
797 574 
1326 595 
1136 342 
886 160 
236 15 
1495 62 
1447 596 
1432 773 
1321 829 
1285 879 
1477 963 
1754 1286 
2279 1380 
1785 1120 
1574 886 
1790 989 
2281 1074 
2188 728 
2276 737 
2220 699 
2107 610 
2091 461 
1745 595 
1790 67 
2045 354 
1846 66 
2054 213 
2162 127 
2172 250 
2234 291 
2192 124 
2318 73 
2518 196 
2412 49 
2348 35 
3003 87 
2585 310 
2564 298 
2259 358 
2573 363 
2506 548 
2607 491 
2586 566 
2964 526 
2726 865 
2636 897 
2679 918 
2717 1135 
2858 867 
3041 596 
3224 344 
3212 688 
3126 1104 
3332 820 
3366 570 
3599 377 
3631 460 
3697 272 
4145 32 
4618 104 
4243 90 
4184 292 
4068 420 
3744 533 
4098 487 
3862 777 
3703 703 
3408 1040 
3771 795 
3428 1065 
3173 1463 
2952 1332 
2815 1301 
2799 1452 
2953 1571 
2745 1483 
2743 1988 
3007 1647 
3090 1824 
3328 1528 
3526 1680 
3713 1608 
3369 1495 
3804 1530 
3801 1579 
4004 1772 
4106 1690 
4107 1432 
3804 1207 
3836 802 
4030 944 
4089 1007 
4254 846 
4637 1013 
4352 1244 
4345 1428 
4243 1420 
4255 1551 
4288 1499 
4355 1431 
4500 1491 
4800 1434 
4685 1531 
4601 1594 
4421 1887 
4347 1893 
4269 1939 
4178 1756 
4099 1712 
4041 1838 
3578 1924 
3962 2108 
3718 2148 
3873 2567 
3805 2571 
3533 2464 
3429 2321 
3250 2111 
3144 2350 
3122 2646 
3066 2832 
2803 3084 
3115 3172 
3090 2870 
3215 2891 
3210 2943 
3377 3190 
3461 3045 
3932 2868 
3967 2793 
4370 3170 
4222 3382 
4196 3434 
3805 3679 
3857 4159 
3714 4303 
4053 4335 
4112 4228 
3963 4125 
3908 3763 
3933 3768 
4011 3806 
4161 3695 
4705 3725 
4511 3439 
4450 3274 
4792 3194 
4554 3072 
4767 2990 
4494 2991 
4720 2747 
4458 2637 
4601 2618 
4421 2591 
4274 2583 
4174 2316 
4095 1970 
4288 2240 
4493 1896 
4689 1762 
4541 1913 
4641 2180 
4686 2052 
4902 2065 
4837 1944 
4757 1845 
5075 1881 
5034 1614 
5112 1860 
5168 1598 
5134 1262 
4941 1326 
4772 1154 
4685 920 
4899 857 
4665 874 
4607 454 
4812 382 
4751 480 
5010 438 
4731 560 
5040 767 
5024 986 
5133 1008 
5261 1331 
5556 1362 
5388 1733 
5246 2023 
5480 1935 
5447 2196 
5529 2220 
5384 2589 
5258 2514 
5179 2314 
5184 2459 
5048 2408 
5126 2560 
5281 2547 
5040 2673 
5197 3088 
5249 3120 
5414 3108 
5560 3085 
5531 2987 
5554 2883 
5661 2716 
5523 2576 
5741 2424 
5705 2514 
5799 2807 
6018 2741 
6022 2575 
5860 2484 
5886 2187 
5795 1985 
5666 1814 
5840 1956 
5929 1884 
5725 1702 
5605 1373 
5623 1268 
5745 1287 
5827 1149 
5788 1167 
5582 1103 
5700 889 
5831 999 
5992 1104 
5938 814 
5914 814 
5870 686 
5903 649 
5715 728 
5506 250 
5095 430 
5314 242 
5159 95 
5041 266 
4989 54 
4931 43 
4853 25 
5742 109 
5814 249 
5913 352 
6148 91 
6377 87 
6356 255 
6212 523 
6395 307 
6461 412 
6462 600 
6291 592 
6100 665 
6316 972 
6127 988 
6123 1089 
6423 1099 
6495 650 
6582 625 
6644 514 
6769 767 
6495 1176 
6388 1278 
6054 1436 
6015 1296 
5879 1387 
6082 1481 
6131 1752 
6489 1380 
6514 1396 
6658 1307 
6702 1226 
6788 1298 
6758 1707 
7024 1271 
6886 1182 
6896 756 
6879 449 
6808 203 
6740 143 
6706 93 
6885 76 
6841 168 
6951 45 
7755 308 
7502 472 
7193 710 
7030 618 
7042 723 
7076 933 
7117 823 
7435 967 
7630 678 
7790 518 
7889 328 
7951 176 
8089 394 
8001 779 
8222 1234 
8521 1040 
8682 873 
8482 991 
8679 776 
8537 640 
8495 410 
8676 277 
8484 237 
7961 129 
8724 154 
8875 78 
8738 417 
9175 439 
9078 189 
9185 407 
9451 248 
9082 153 
9489 235 
9640 250 
9905 324 
9596 524 
9686 588 
9553 532 
9415 391 
9197 634 
9445 712 
9421 892 
9567 756 
9720 622 
9989 483 
9978 1160 
9671 1224 
9660 1565 
9603 1558 
9441 1270 
9406 1240 
9363 1194 
9349 948 
9252 1005 
9290 1189 
9289 1268 
9223 1479 
9082 1178 
9195 1060 
8797 944 
8837 1048 
8980 1202 
8408 1298 
8068 1318 
7853 1513 
7464 1180 
7308 1192 
7096 1213 
7225 1255 
7132 1268 
7186 1574 
7499 1641 
7492 1692 
7240 1889 
6928 1909 
6798 1935 
6866 2300 
6622 2273 
6605 2271 
6571 1768 
6137 1829 
6143 2171 
6288 2502 
6359 2400 
6553 2367 
6771 2392 
6557 2451 
6598 2676 
6527 2683 
6272 2653 
6081 2750 
6281 2782 
6386 2830 
6093 3037 
6003 2858 
5729 3104 
5931 3169 
5576 3284 
5362 3340 
5489 3610 
5558 3538 
5658 3574 
6033 3252 
5976 3825 
5796 3867 
5767 4177 
6122 4102 
6131 4224 
6105 4428 
6180 4267 
6267 4194 
6538 3855 
6303 3500 
6561 3138 
6669 2961 
6539 2706 
6754 2849 
6810 2947 
6862 3007 
7044 2951 
7246 2635 
7140 2160 
7571 2244 
7600 1830 
7737 2061 
7833 1972 
7866 1961 
7842 2137 
7746 2298 
7983 2344 
8092 2073 
7906 1939 
8074 1750 
8103 2020 
8161 1768 
8278 1836 
8430 1858 
8402 1768 
8391 1735 
8665 1676 
8607 1768 
8715 1684 
8690 1848 
8800 1805 
8804 1790 
8910 1817 
8928 1810 
8770 1733 
8956 1496 
9017 1599 
9014 1689 
9208 1528 
9286 1573 
9242 1752 
9352 1715 
9395 1718 
9475 1667 
9716 1608 
9988 1685 
9982 1714 
9985 1980 
9537 1913 
9501 2304 
9253 1964 
9125 1851 
9226 1975 
9051 1938 
8907 1984 
9287 2309 
8929 2591 
8941 2609 
9216 2729 
9097 2781 
8843 2672 
8700 2403 
8633 2124 
8562 2428 
8417 2035 
8307 1949 
8239 2101 
8118 2301 
8078 2410 
8222 2455 
8330 2568 
8354 2652 
8748 2737 
8953 3022 
8689 2986 
8327 2810 
8007 3021 
8095 2607 
7766 2431 
7756 2371 
7703 2533 
7332 2578 
7711 2683 
7900 2973 
7691 3182 
7052 3077 
6859 3155 
6830 3235 
6617 3534 
6980 3526 
6821 3694 
7030 3874 
6801 3703 
6631 3702 
6752 3989 
6619 3971 
6387 4278 
6659 4201 
6437 4511 
6849 4528 
7057 4186 
7180 4014 
7014 3979 
7129 3873 
7264 3777 
7312 3938 
7502 4024 
7617 4118 
7606 3987 
7625 3636 
7810 3462 
7848 3170 
8212 3236 
7928 3377 
8068 3470 
8050 3496 
7995 3737 
8131 3569 
8018 3746 
7908 4293 
8244 4136 
8214 3930 
8169 3733 
8302 3985 
8403 3473 
8711 3474 
8818 3895 
9145 3502 
9108 3275 
9038 3228 
9334 3191 
9257 2720 
9423 2456 
9475 2590 
9510 2448 
9974 2370 
9607 2586 
9574 2704 
9529 2766 
9986 2962 
9933 3330 
9902 3145 
9745 3474 
9156 3519 
9685 3655 
9738 3601 
9947 3802 
9864 4260 
9750 3986 
9666 3973 
9581 4039 
9481 4057 
9256 4006 
9018 4127 
8910 4298 
8596 4223 
8224 4287 
8159 4471 
8039 4475 
8187 4661 
8157 4501 
8393 4571 
8519 4667 
8717 4965 
8830 4746 
8894 4671 
9050 4779 
9190 4636 
9204 4793 
9258 4653 
9371 4436 
9458 4339 
9811 4220 
9783 4446 
9890 4457 
9926 4564 
9619 4810 
9474 4780 
9659 5023 
9688 4959 
9993 4614 
9810 5236 
9868 5357 
9703 5184 
9454 5165 
9359 5158 
9239 5236 
9221 5562 
9435 5214 
9733 5592 
9685 5732 
9519 5692 
9561 5772 
9698 5875 
9836 6158 
9776 6095 
9562 5922 
9689 6179 
9934 6510 
9727 6648 
9598 6234 
9494 6098 
9289 6074 
9277 5982 
9142 5823 
9061 5814 
8874 5640 
8916 5569 
9176 5305 
8861 5405 
8839 5199 
8774 5343 
8702 5587 
8792 5813 
8871 5935 
9184 6229 
9384 6439 
9292 6469 
9102 6486 
9106 6640 
8810 6697 
8755 6560 
8948 6327 
8819 6142 
8660 5903 
8630 6126 
8450 5814 
8434 5676 
8529 5522 
8342 5696 
8174 5665 
8066 5834 
7867 5702 
8007 5491 
8182 5004 
8507 4938 
8455 4702 
8361 4739 
8331 4923 
8242 4760 
8199 4892 
8071 4950 
8007 4820 
7753 4659 
7631 4549 
7539 4389 
7412 4547 
7397 4721 
7652 4865 
7937 5177 
7631 5079 
7553 5248 
7379 5239 
7295 5320 
7259 5264 
7215 5046 
6990 4923 
7043 5135 
7159 5516 
6890 5437 
6809 5182 
6765 5464 
6456 5457 
6359 5302 
6311 5379 
5846 5772 
6172 5753 
6134 5974 
6320 5945 
6493 5828 
6524 5507 
6830 5533 
6960 6057 
7060 6069 
7437 6007 
7378 5904 
7420 5721 
7636 5458 
7650 5752 
7792 5720 
7895 5930 
8343 6102 
8469 6271 
8111 6464 
8287 6577 
8734 6899 
8646 7071 
8064 6883 
7951 6545 
7969 6303 
7434 6227 
7585 6562 
7780 6677 
7921 6776 
7696 6941 
7508 6678 
7272 6330 
6895 6590 
7070 6202 
6913 6077 
6552 5993 
6401 6026 
6399 6187 
6783 6251 
6857 6290 
6837 6493 
6820 6546 
6745 6482 
6484 6488 
6313 6465 
6351 6286 
6189 6403 
5990 6319 
5754 6272 
6017 6506 
6281 6823 
6297 6830 
6714 6818 
6888 6620 
7413 6752 
6924 7026 
7009 7098 
6792 7055 
6747 7080 
6543 7114 
6781 7274 
6573 7315 
6783 7516 
7040 7336 
7661 7325 
7470 7511 
7697 7582 
7914 7511 
7919 7723 
8143 7454 
8542 7779 
8269 7409 
8679 7407 
8587 7236 
8828 7126 
8840 7250 
8956 7272 
8803 7360 
8859 7596 
8998 7469 
9144 7265 
9177 7049 
9211 6813 
9548 6749 
9510 7071 
9652 7272 
9757 7529 
9950 6718 
9841 9610 
9806 9014 
9761 8968 
9749 8915 
9735 8124 
9833 7670 
9694 8099 
9503 7923 
9611 8200 
9286 8007 
9349 7777 
8977 7743 
9084 7859 
8665 7861 
8744 8249 
8788 8230 
9142 8113 
9463 8323 
9585 8554 
9194 8403 
9128 8469 
9044 8288 
8708 8293 
8422 8062 
8374 8117 
8379 8003 
8162 8209 
7982 8140 
7664 7870 
7334 7718 
7130 7838 
7129 7576 
6949 7624 
7011 7696 
6833 7668 
6900 7890 
6711 7774 
6541 7744 
6543 7676 
6506 7541 
6502 7367 
6197 7454 
6402 7259 
6378 7166 
5694 7100 
6042 7449 
6054 7557 
6179 7513 
6061 7606 
6455 7688 
6072 7967 
6140 8084 
6220 8194 
6357 8214 
6470 8001 
6814 8083 
6864 8315 
6875 8202 
7231 8018 
7085 8283 
6888 8307 
6971 8435 
7244 8678 
7472 8167 
7508 8157 
7595 8705 
7981 8578 
7942 8374 
8130 8222 
8072 8583 
8288 8606 
8517 8716 
9074 8759 
9260 8808 
9107 9023 
9135 9242 
9152 9289 
9183 9342 
9323 9431 
9497 9359 
9635 9815 
9407 9893 
9255 9626 
9255 9596 
9268 9525 
9077 9406 
8988 9419 
8909 9734 
8772 9581 
8810 9821 
8826 9842 
8871 9834 
9052 9933 
8810 9914 
8661 9914 
8639 9728 
8691 9421 
8402 9517 
8308 9628 
8343 9548 
8322 9569 
8337 9373 
8373 9152 
8097 9204 
8211 9663 
7848 9549 
7813 9254 
7932 9161 
7668 8802 
7400 9047 
7503 9134 
7190 9162 
7331 9387 
7617 9226 
7671 9349 
7486 9511 
7760 9565 
7863 9625 
8096 9787 
8559 9978 
7925 9932 
8011 9848 
7794 9693 
7624 9718 
7774 9826 
7833 9885 
7124 9851 
7028 9809 
7023 9663 
7216 9495 
7022 9467 
6987 9411 
6958 9643 
6653 9666 
6705 9738 
6701 9770 
6636 9792 
6669 9974 
6593 9901 
6446 9832 
6434 9915 
5983 9662 
5834 9954 
5771 9556 
5855 9557 
5848 9364 
5977 9322 
6258 9528 
6590 9642 
6632 9442 
6778 9298 
6731 9301 
6880 8709 
6928 8531 
6734 8553 
6508 8581 
6430 8378 
6410 8494 
6162 8221 
6398 8513 
6095 8551 
6379 8708 
6431 9249 
6281 9350 
6156 9019 
6041 9173 
5999 9291 
5866 9101 
5853 9056 
5875 9025 
5861 8811 
5545 8882 
5729 8721 
5767 8620 
5775 8454 
5807 8291 
5585 8496 
5541 8655 
5519 8518 
5484 8415 
5414 8258 
5409 8164 
5462 8033 
5605 7900 
5686 7839 
6045 7810 
5861 7575 
5647 7377 
5517 7742 
5540 7902 
5299 8003 
5127 7651 
5055 7461 
5352 7411 
5459 7470 
5490 7397 
5423 7370 
5545 7128 
5567 7026 
5534 7091 
5559 6945 
5111 7087 
5035 7318 
4907 7260 
4896 7141 
5086 6926 
4824 6687 
5306 6492 
5246 6403 
4975 6246 
4959 6228 
4792 6648 
4694 6824 
4633 6775 
4290 7119 
4652 7065 
4386 7192 
4756 7285 
4955 7761 
5094 8137 
5277 8249 
4987 8824 
4788 9128 
4657 9398 
4855 9123 
5222 9211 
5599 9216 
5544 9473 
5670 9987 
5387 9947 
5214 9712 
5253 9316 
5229 9263 
5054 9272 
5055 9463 
5097 9502 
5055 9755 
4937 9661 
4767 9519 
4688 9778 
4499 9670 
4330 9883 
4397 9668 
4431 9597 
4528 9451 
4223 9544 
4171 9432 
4412 8907 
4433 8677 
4692 8391 
4943 8128 
4702 8056 
4489 7711 
4487 7550 
4335 7305 
4128 7307 
4274 7653 
3859 7868 
4484 8097 
3868 8295 
4461 8255 
4419 8633 
4167 8476 
4141 8757 
4137 8760 
4066 8881 
3932 9365 
3811 9318 
3853 9474 
4075 9789 
4069 9878 
3976 9920 
3991 9800 
3760 9922 
3701 9694 
3593 9217 
3855 8837 
3896 8816 
3842 8562 
3781 8779 
3481 8870 
3470 8931 
3440 9001 
3331 8987 
3353 9065 
3318 9107 
3146 8843 
3190 8562 
3725 8345 
3417 8131 
3643 8028 
3721 7823 
3549 7827 
3360 8028 
3144 8155 
3114 8199 
2946 8268 
2900 8155 
3202 7897 
2800 7970 
2581 8089 
2707 8233 
2546 8222 
2486 8026 
2361 8269 
2444 8362 
2787 8383 
2868 8896 
2866 9084 
2912 9167 
3380 9267 
3344 9716 
2767 9472 
3219 9829 
3638 9913 
3081 9871 
3680 9931 
2627 9946 
2166 9980 
2393 9877 
2493 9694 
2456 9678 
2298 9808 
2267 9710 
2531 9566 
2704 9375 
2728 9063 
2560 9317 
2526 9271 
2666 9036 
2784 8879 
2615 8920 
2516 8524 
2403 8658 
2331 8758 
2226 8782 
2229 8762 
2301 8568 
2106 8512 
2248 8348 
2036 8424 
2035 8261 
1769 8490 
1884 8499 
1988 8532 
1898 8542 
1820 8669 
1748 8754 
1732 8645 
1716 8586 
1706 8614 
1669 8467 
1948 8056 
2052 7896 
1920 7974 
1824 7897 
1529 7987 
1284 7942 
1259 8362 
1497 8530 
1238 8403 
1491 8698 
1256 9027 
1513 8710 
1694 8878 
2054 9499 
2128 9673 
2038 9923 
1866 9680 
1761 9441 
1563 9212 
1278 9075 
1099 9115 
1251 9225 
1218 9242 
1413 9411 
1525 9563 
1517 9600 
1600 9697 
1782 9882 
1949 9964 
411 9970 
858 9874 
895 9812 
965 9830 
1330 9673 
1086 9443 
1003 9530 
869 9403 
856 9581 
807 9387 
669 9642 
581 9697 
480 9313 
314 9635 
137 9826 
292 9635 
96 9644 
88 9530 
323 9298 
173 9274 
342 9090 
467 9139 
482 9290 
510 9158 
707 9080 
859 9052 
978 9268 
1064 9087 
1049 8833 
911 8411 
965 8242 
907 8324 
627 8308 
342 8792 
351 9001 
68 9045 
158 8851 
276 8771 
310 8712 
249 8756 
58 8622 
191 8583 
143 8368 
188 8308 
115 8119 
80 7710 
319 7971 
388 8317 
617 8205 
601 8149 
774 8076 
527 7881 
872 7482 
903 7633 
963 8022 
963 8025 
1192 7873 
1110 7809 
1253 7477 
1326 7903 
1585 7900 
1829 7802 
1991 7741 
2074 7819 
2094 7612 
1984 7674 
1872 7634 
1811 7602 
1807 7605 
1523 7636 
1629 7474 
1666 7507 
1712 7481 
1612 7460 
1554 7432 
1586 7283 
1745 7320 
2024 7492 
2105 7215 
2179 7313 
2203 7557 
2250 7354 
2400 7413 
2531 7341 
2683 7605 
2631 7947 
2836 7701 
2885 7619 
3222 7691 
3263 7775 
3342 7582 
3424 7800 
3578 7655 
3514 7573 
3534 7463 
3588 7276 
3341 7318 
3393 7347 
3357 7485 
3272 7363 
3203 7203 
3136 7263 
3171 7403 
3068 7298 
2978 7518 
2846 7239 
2625 7285 
2582 7212 
2283 7138 
2430 7006 
2690 7018 
2885 6901 
3052 7060 
3158 6914 
3686 6886 
3336 6632 
3170 6727 
3083 6796 
3021 6801 
2793 6797 
2534 6815 
2343 6997 
2167 7083 
1908 7265 
1842 6882 
1700 7004 
1721 6938 
1608 6983 
1525 7055 
1151 7405 
801 7368 
1162 6838 
662 6548 
711 6435 
728 6521 
925 6530 
816 6332 
951 6393 
1130 6582 
1153 6623 
1182 6805 
1422 6635 
1445 6811 
1559 6627 
1898 6825 
2190 6744 
2317 6644 
2765 6570 
2980 6376 
3403 6436 
3175 6058 
2869 6336 
2511 6258 
2739 6068 
2825 5912 
2715 5887 
2500 6032 
2350 6090 
2218 6160 
2302 6523 
2123 6205 
1951 6579 
2036 6204 
1913 6235 
1846 6118 
1848 6088 
1852 6001 
1734 6122 
1703 6356 
1496 6234 
1017 6173 
1458 6165 
1547 6019 
1521 5873 
1863 5941 
1812 5584 
1725 5476 
1949 5599 
1959 5635 
2060 5782 
2137 5917 
2525 5882 
2280 5687 
2086 5555 
2468 5240 
2543 5703 
2651 5225 
2875 5407 
2601 5735 
2912 5495 
2927 5462 
2921 5331 
3098 5368 
3309 5184 
3346 5696 
3316 5977 
3606 6121 
3503 5980 
3557 5917 
3507 5673 
3554 5668 
3667 5454 
4003 5199 
3909 5148 
3624 5266 
3734 5076 
3497 5035 
3490 5019 
3251 5125 
3199 5120 
3205 5126 
3020 5127 
3183 5022 
3058 4892 
3118 4799 
3051 4808 
2939 4721 
3242 4728 
3222 4425 
2996 4310 
2925 4116 
2700 4148 
2910 4262 
2639 4208 
2809 4695 
2615 4847 
2699 4905 
2558 4981 
2569 4895 
2086 4992 
2085 5036 
2067 4970 
2376 4381 
2013 4398 
2181 4254 
2387 4108 
2469 4146 
2632 4110 
2873 3669 
2746 3529 
2721 3180 
2710 3070 
2666 3084 
2566 3126 
2575 3284 
2245 3714 
2110 3796 
2222 3710 
2016 3633 
1643 3990 
2051 4131 
1625 4165 
1899 4373 
1959 4391 
1933 4824 
1848 4959 
1956 5019 
1679 5371 
1771 5074 
1773 4948 
1605 4787 
1654 4604 
1689 4421 
1625 4460 
1564 4209 
1440 4148 
1428 4526 
1571 4802 
1625 4865 
1678 5159 
1597 5253 
1354 4956 
1330 4623 
1004 4526 
1154 4920 
1076 5153 
1171 5154 
1536 5334 
1264 5632 
1111 5750 
1117 5482 
978 5839 
918 6047 
632 6172 
444 6444 
389 6750 
145 6809 
204 6863 
53 7102 
96 6713 
269 6547 
242 5886 
430 5839 
576 5913 
571 5567 
766 5802 
647 5359 
681 5326 
1022 5217 
715 5237 
666 5329 
529 5270 
452 5411 
275 5421 
262 5321 
47 5186 
293 5287 
173 5076 
391 5184 
662 5163 
898 4819 
356 4926 
283 4926 
284 4924 
123 4900 
57 5134 
96 4887 
28 4676 
622 4503 
162 4340 
53 3737 
1 3524 
162 3629 
137 3839 
238 4183 
380 4082 
646 4207 
660 4416 
1010 4184 
726 4050 
1082 4056 
870 3841 
922 3665 
774 3716 
333 4001 
323 3688 
459 3601 
226 3639 
244 3255 
375 3273 
552 3408 
532 3351 
567 3259 
716 3271 
658 3410 
783 3605 
816 3396 
977 3666 
1240 3540 
1550 3751 
1483 3632 
1472 3475 
1561 3519 
1609 3467 
1563 3706 
1914 3553 
2098 3122 
1650 3063 
1525 3274 
998 3251 
773 2985 
737 3214 
739 2988 
606 2990 
583 3070 
458 3144 
302 3241 
267 3248 
15 2788 
475 2902 
320 2717 
342 2680 
545 2568 
357 2636 
186 2681 
384 2553 
107 2420 
321 2337 
379 2270 
627 2146 
264 2143 
243 2186 
37 2139 
215 2096 
250 1961 
720 2014 
880 2354 
990 2081 
1058 2187 
1062 2233 
919 2366 
904 2575 
1095 3002 
1429 2978 
1600 2844 
1254 2786 
1219 2551 
1018 2411 
1171 2425 
1265 2553 
1486 2620 
1599 2545 
1769 2659 
1714 2327 
1565 2184 
1311 2124 
1114 2025 
1237 1964 
951 1806 
736 1718 
535 1574 
256 1593 
163 1794 
186 1635 
208 1553 
163 1467 
98 938 
268 874 
531 1427 
572 1415 
1047 1509 
1235 1587 
1289 1971 
1640 1976 
1658 2128 
1738 1938 
2032 2214 
