6400
24442 17326 
24325 17241 
24388 16978 
24257 17288 
24537 17405 
24010 17826 
23879 17683 
23777 17537 
23449 17475 
23251 17379 
22989 17178 
23047 17163 
22922 17174 
22872 17275 
23042 17846 
22677 17646 
22596 17207 
22553 17017 
22461 16804 
22296 17159 
22238 17178 
21880 17715 
22346 17223 
22526 17735 
22153 17871 
22455 17913 
22294 18224 
22249 18226 
22016 18113 
21727 17888 
21545 18159 
21240 18064 
21417 18412 
21608 18516 
21956 18349 
21853 18628 
22216 18564 
22025 19044 
22430 19084 
22872 18499 
22470 18234 
22507 18097 
22905 18004 
23088 17928 
23192 17881 
23397 17531 
23508 17712 
23314 17910 
23765 17770 
23951 18160 
23856 18213 
23807 18224 
23375 18243 
23139 18517 
23259 18833 
23175 18874 
23341 18996 
23441 18807 
23705 18589 
23887 18339 
24297 18160 
24789 17899 
25252 17583 
25757 17971 
26177 17967 
25833 18154 
25458 18019 
24887 17993 
24995 18276 
24714 18164 
24467 18416 
23883 18970 
23909 19009 
24175 19106 
24457 19092 
24759 18593 
25065 18382 
25272 18434 
25190 18380 
25335 18432 
25272 18773 
24846 18784 
25180 18962 
25518 18971 
25152 19163 
25258 19678 
25401 19646 
25592 19810 
25850 19808 
25783 19541 
25683 19164 
26002 18995 
26205 19175 
26133 18930 
25939 18220 
26213 18148 
26396 18641 
26527 18632 
26788 18469 
27154 18243 
26929 18698 
26721 19061 
26999 18850 
27144 19326 
27174 18848 
27401 19097 
27426 18869 
27580 18867 
27624 18686 
27723 18255 
27736 18709 
27923 18367 
27918 18115 
28040 18378 
28008 18948 
28438 18420 
28731 18311 
28553 18184 
28588 17932 
28781 18182 
29121 18072 
29093 18439 
29111 18804 
28893 18544 
28804 18892 
28524 18928 
28239 19178 
28474 19151 
28501 19120 
28859 19044 
29347 19248 
29543 19147 
29180 18844 
29274 18297 
29608 18196 
29625 18247 
29600 18292 
29638 18794 
29906 18374 
29788 19644 
29605 19746 
29583 19229 
29293 19493 
28872 19361 
28282 19397 
27772 19580 
27386 19226 
27681 19635 
27288 19461 
27110 19384 
26607 19205 
26417 19220 
27029 19669 
27142 19659 
27059 19773 
26949 20036 
27112 19851 
27414 19810 
27317 20145 
27633 19901 
27794 20000 
27899 20025 
27901 19847 
28182 19605 
28288 19715 
28205 19869 
28554 19793 
29003 19582 
29008 19653 
29583 20041 
29847 20340 
29522 20247 
28933 20138 
28500 20406 
28789 20514 
29555 20530 
29711 20965 
29937 21265 
29736 21259 
29676 21127 
29218 21010 
28663 20879 
28262 20641 
28013 20313 
28005 20689 
28146 20893 
28722 21106 
28788 21260 
27936 21330 
27840 20944 
27615 20741 
27710 20697 
27775 20347 
27958 20300 
27770 20341 
27357 20297 
27148 20617 
27314 20603 
27419 20819 
27534 20997 
27253 20891 
27433 21169 
27132 21228 
26968 21274 
27193 21534 
27261 21695 
27424 21691 
27160 21795 
26832 21327 
26609 21229 
26596 21523 
26619 21786 
26378 21649 
26278 21410 
26457 20742 
25859 21159 
25685 21582 
25870 21873 
26402 21919 
26636 22053 
27198 22167 
27696 22030 
27953 21570 
28774 21548 
28998 21274 
28857 21600 
28850 21898 
28440 21902 
28106 22019 
28997 22624 
29085 22005 
29279 21846 
29650 21400 
29435 21871 
29856 22302 
29639 22251 
29800 22396 
29333 22391 
29304 22703 
29154 22715 
29221 23071 
29357 22930 
29630 22852 
29803 23447 
29480 23384 
29133 23326 
28616 23356 
28627 23403 
28788 23724 
28720 23426 
29118 23630 
29145 23508 
29438 23829 
29517 23855 
29492 24052 
29725 24241 
29906 24368 
29958 25076 
29765 25748 
29546 25665 
29533 25012 
29430 24535 
29163 25147 
28947 24623 
29055 24475 
28873 24499 
28774 24833 
28533 24542 
28686 23940 
27832 23565 
27519 23533 
27473 23281 
27907 22185 
27189 22278 
27116 22440 
27155 22544 
27273 22990 
27025 22764 
26998 22667 
26999 22474 
26611 22450 
26511 22715 
26275 22671 
25860 22103 
26197 22768 
25913 23639 
26597 23077 
26855 22776 
26641 23189 
26835 23363 
27060 23374 
27284 23725 
27140 23701 
26990 23706 
26879 23716 
26670 23883 
26595 24056 
26127 23757 
25928 23726 
25700 23583 
25566 22630 
24862 22048 
25437 21320 
25592 21301 
25726 21026 
25710 21011 
25519 20847 
25642 20594 
25866 20585 
26508 20506 
26390 20202 
25936 19822 
25963 19933 
25751 20011 
24973 19912 
25080 19687 
24934 19573 
24514 19339 
24463 19398 
24843 19766 
24670 19955 
24546 19969 
24501 20224 
24333 20079 
24068 19597 
23968 19247 
23940 19566 
23784 19506 
23735 19091 
23327 19069 
23475 19534 
23433 19567 
23626 19519 
23886 20173 
24258 20461 
24276 20374 
24583 20493 
24779 20578 
24810 20581 
24636 20964 
25241 21007 
25196 21150 
24806 21245 
24032 21202 
24203 20887 
24130 20732 
24072 20627 
23433 20543 
23561 20166 
23364 19718 
22919 19481 
22677 19154 
22227 19406 
22274 19628 
22783 19770 
22846 19743 
23130 19997 
22999 20002 
22880 20042 
22917 20386 
22654 20307 
22558 20431 
22385 20065 
21971 20398 
21877 20323 
21860 19832 
21578 19983 
21640 20053 
21638 20449 
21381 20081 
21336 19656 
21793 19271 
21469 19297 
21688 19006 
21042 18886 
21179 19484 
21083 19771 
20900 19965 
20878 19575 
20199 19780 
20547 19299 
19784 19560 
20182 18889 
20515 18467 
20135 18263 
20124 18188 
19705 18215 
20081 18572 
19641 18548 
19553 18176 
19473 17945 
18897 17474 
18825 17955 
18822 18040 
19074 18194 
19470 18534 
19352 18874 
19404 18907 
19429 18821 
19440 18910 
19698 19022 
19501 19227 
19395 19138 
19115 19037 
18456 18860 
18289 18656 
18068 19232 
17755 19350 
18161 19848 
18635 20225 
18543 19899 
18240 19692 
18518 19626 
19382 19714 
18560 19781 
18774 20044 
19078 20133 
19441 20113 
19603 19600 
19695 20209 
20237 19977 
20262 20227 
20243 20336 
20220 20513 
20501 20262 
20515 20034 
20929 20291 
21045 20132 
21069 20290 
21182 20327 
20733 20390 
21542 20798 
21173 21513 
21771 21262 
21938 20525 
22337 20423 
22516 20682 
22586 20891 
22389 20727 
22184 21284 
22341 21280 
22495 21045 
22567 21110 
22455 21307 
22654 21233 
23317 21364 
22715 21795 
22072 21993 
22030 21990 
21477 22080 
21863 22235 
21687 22304 
21551 22334 
21177 22526 
21057 21939 
20815 21757 
20359 21083 
20306 21635 
20392 22161 
20356 22204 
20399 22212 
20559 21923 
20893 22124 
21127 22670 
21260 22790 
21434 22925 
21671 22630 
22079 22395 
22743 21973 
23269 21771 
23379 21423 
23945 21409 
23885 21494 
23838 21802 
23995 21873 
24440 21813 
24347 22047 
24110 22247 
23772 21944 
23467 21943 
23406 22103 
22780 22503 
22702 22809 
22558 22791 
22537 22841 
22435 22948 
21858 22768 
21963 23228 
22148 23835 
22311 24027 
22333 24520 
22567 24094 
22430 23427 
22469 23157 
22853 23099 
23020 22779 
23845 22572 
24340 22404 
24429 22294 
24654 22163 
24827 22052 
24793 22362 
25253 22744 
24797 22928 
25346 23524 
24585 23438 
24530 23053 
24393 22895 
24408 22448 
24270 22828 
23955 22972 
23085 23003 
22965 23450 
23497 23487 
23171 23679 
22944 23980 
22981 24186 
23324 23810 
23681 23649 
24122 23295 
24255 23217 
24551 23449 
24316 23432 
24160 23740 
24648 23676 
25296 23644 
25420 23655 
25437 23805 
25568 23844 
25361 23945 
25320 24001 
25255 24011 
25257 23934 
24707 24090 
24887 24261 
24786 24264 
24340 24127 
24043 23956 
24010 23962 
23493 23907 
23840 24158 
23816 24727 
23385 24321 
23250 24298 
22905 24239 
23105 24630 
23434 24695 
23545 24799 
23643 25085 
23404 24922 
23105 24707 
22917 24906 
23050 24837 
23066 24851 
23398 25152 
23731 25188 
23951 24900 
24448 24810 
24030 25199 
23816 25318 
23942 25499 
23740 25682 
23712 25909 
23822 26233 
24335 25898 
24797 25678 
24629 24884 
25055 24913 
24975 24564 
25178 24641 
25205 24550 
26262 24560 
25435 24853 
25860 25263 
25279 25137 
25860 25268 
26173 25346 
26424 25071 
26485 24857 
26632 25082 
26872 25009 
26633 24500 
27610 24175 
27291 24724 
27516 24583 
27514 24778 
27825 24614 
28308 24184 
28113 24624 
27907 24872 
27306 25116 
27166 24987 
27289 25230 
27242 25566 
26892 25339 
26827 25755 
26708 25539 
26587 25613 
26026 25591 
25716 25554 
25147 25522 
25266 25732 
24988 25696 
25020 26187 
25495 26007 
25511 25882 
26167 25874 
25691 26304 
25794 26371 
26324 26288 
26877 25892 
26924 25924 
27282 26470 
27400 25635 
27707 25494 
27944 25573 
28025 25410 
28355 25392 
28877 25013 
28894 25166 
29231 25635 
29469 25799 
29237 25995 
28713 25958 
29073 26215 
28533 26535 
28408 27049 
28378 26580 
28425 26378 
28084 26334 
28331 26146 
27978 25852 
28012 26387 
27719 26509 
27774 26590 
27478 26535 
27796 26738 
28308 27185 
27933 27326 
27367 26942 
27148 26484 
26993 26450 
26704 26514 
26652 26492 
26522 26459 
26397 26652 
26629 26723 
26953 27372 
26206 27331 
26863 27496 
26970 27413 
27158 28008 
27666 27922 
27899 28119 
27969 28109 
28255 28083 
28330 27410 
28443 27143 
28574 27314 
29083 27133 
29226 27357 
29085 27410 
28649 27364 
28390 27468 
28525 27658 
28640 27746 
28645 27912 
28479 27782 
28546 27944 
28754 27990 
28517 27966 
28507 28650 
29290 28784 
28847 28015 
29244 27597 
29488 27187 
29189 27010 
29417 26930 
29414 26513 
29639 26018 
29699 26571 
29944 26484 
29884 27086 
29800 27259 
29821 28030 
29299 28146 
29811 28141 
29861 28468 
29906 28804 
29564 28838 
29659 29024 
29667 29088 
29771 29394 
29153 29205 
29114 29843 
29202 29892 
29063 29830 
28381 29932 
28607 29782 
28796 29486 
28640 28835 
28713 29513 
28290 29131 
28178 29669 
27951 29163 
28032 28719 
28294 28677 
27974 28243 
27883 28609 
27813 28137 
27406 28472 
27128 28196 
26905 28000 
26728 28176 
27143 28901 
27486 28746 
27568 29297 
27505 29356 
27164 29945 
26872 29836 
27045 29755 
26986 29496 
27410 29242 
26794 29191 
26414 29211 
26563 28911 
26196 28860 
26272 28495 
26528 28167 
26347 28116 
25859 28581 
25757 27937 
25904 27724 
25592 27386 
25911 27225 
25376 26917 
25881 26665 
25292 26816 
25345 27043 
25000 27230 
25031 27358 
24899 27443 
25051 27379 
25329 27361 
25554 28141 
25432 28182 
25288 28196 
24917 27637 
24719 27750 
24941 28157 
25112 28165 
25110 28534 
25387 28752 
25473 28547 
25780 28799 
25788 29169 
25433 28848 
25191 28845 
24869 28745 
24630 28360 
24531 28763 
24941 29148 
25100 28961 
25794 29204 
26061 29300 
26334 29812 
26742 29983 
26286 29915 
26137 29772 
25803 29629 
25813 29709 
25071 29656 
25792 29402 
24933 29211 
24731 29885 
24507 29875 
23766 29951 
24008 29583 
23746 29754 
23610 28997 
23503 29746 
22966 29234 
23166 29033 
23422 28924 
23533 28837 
23899 28522 
24408 28750 
24318 28275 
23888 28501 
23695 28195 
24436 28050 
24536 28080 
24672 27791 
24529 27598 
24735 27279 
24526 27077 
24040 27212 
24406 26986 
24812 26299 
24533 26219 
24194 26317 
24162 26716 
24277 26927 
24028 26856 
23742 26663 
23692 26439 
23629 26465 
23486 26774 
23766 26943 
23671 27487 
23549 27605 
23573 28069 
23442 27828 
23482 28060 
23145 28315 
22910 28267 
22735 27994 
22570 28261 
22245 27601 
22718 27354 
22970 27559 
23087 27434 
22614 27221 
23408 27046 
23395 26591 
23409 26305 
23098 26236 
22918 26383 
22959 26259 
23017 25858 
23351 26154 
23505 26045 
22988 25687 
22889 25833 
22810 25784 
22623 25620 
22843 25213 
22468 25341 
22397 25571 
22535 25841 
22606 25895 
22586 26626 
22165 26532 
21848 26449 
21942 26258 
21866 26017 
21776 26295 
21578 26085 
21756 25668 
21919 25272 
21635 25170 
21863 24862 
22271 25095 
22239 24625 
22029 24717 
21893 24617 
22049 24144 
21666 24497 
21548 24087 
21799 23883 
21622 23862 
21427 23774 
21500 23583 
21682 23611 
21551 23030 
21209 23423 
21192 23954 
21053 23971 
20749 23733 
21121 23356 
20540 23478 
20674 23735 
20447 24261 
20977 24144 
21211 24187 
21355 24490 
21456 24673 
21381 24687 
20844 24804 
21289 24946 
20814 24996 
20602 24602 
19992 25222 
20541 25330 
20455 25422 
20634 25484 
20749 25299 
20859 25102 
20813 25394 
21218 25527 
21030 25653 
20751 25549 
20780 26099 
21081 26091 
21347 26600 
21361 26625 
21736 26478 
22310 26919 
21831 27672 
21495 27349 
21064 27390 
21342 27868 
21631 28106 
21130 27958 
21076 28466 
21546 28532 
22159 28843 
21778 29130 
21847 29342 
22371 29252 
22538 29210 
22700 29365 
22393 29784 
22380 29694 
22386 29438 
21871 29458 
21732 29363 
21907 29682 
21243 29755 
21294 29559 
21152 29716 
21027 29440 
20536 29838 
20946 29343 
21311 29090 
20787 29167 
20871 28845 
20897 28487 
20862 28448 
20805 28437 
20558 27876 
20967 27486 
21055 27120 
21236 26735 
20585 26995 
20544 26312 
20368 25697 
20202 25535 
20131 25603 
20135 26203 
19948 26233 
20071 26804 
19957 27473 
19836 27014 
19493 26229 
19516 26080 
19871 26047 
19763 25519 
19479 26002 
18998 26188 
18884 25834 
18868 25365 
18764 25149 
18720 24815 
18906 25013 
19343 25011 
18949 24914 
19671 24572 
19805 24503 
19985 24324 
19880 24379 
19510 24113 
19789 23841 
20071 23695 
20362 23871 
20085 23568 
20427 23318 
20438 23320 
20831 22864 
20387 22658 
20191 22715 
20075 22406 
19994 22482 
20055 22304 
19871 22462 
19939 22864 
20016 23119 
20067 23465 
19694 23148 
19574 23238 
19370 23004 
19524 22773 
19614 22414 
19958 22163 
19802 21710 
19367 22430 
19273 22403 
18959 22516 
19158 23040 
19394 23263 
19531 23513 
19446 23831 
19163 23622 
18927 23315 
18833 23378 
18681 22945 
18798 22546 
18907 22445 
19056 22219 
19785 21680 
19701 21345 
20174 20970 
19990 20574 
19884 20825 
19643 21074 
19147 21074 
19228 20810 
19677 20285 
19573 20232 
19217 20414 
19080 20736 
19037 20433 
18669 20318 
18472 20744 
18079 20497 
17983 21316 
18487 21075 
18779 21112 
19311 21327 
18674 21554 
18466 21517 
18493 21819 
18219 21820 
18536 22165 
18222 22590 
18416 22741 
18440 22963 
18624 23414 
18481 23431 
18276 23424 
17912 23402 
17995 23774 
18608 23949 
18629 24304 
18132 24092 
18150 24680 
18475 24778 
18519 25019 
18321 24900 
18271 25124 
18160 25168 
18196 25308 
18099 25561 
18047 25708 
18441 25587 
18809 25913 
18991 26226 
18489 26418 
19021 26390 
19367 26960 
19587 27109 
19788 27277 
19478 27135 
19202 27088 
18971 26739 
18684 26819 
18459 26550 
18311 26806 
18582 26802 
18404 26878 
18382 26945 
18493 27211 
18608 27026 
18695 27414 
19145 27098 
19287 27422 
19028 27707 
18809 27598 
18958 27743 
19262 27805 
19458 27686 
19996 27848 
19825 28018 
20135 27959 
20299 27924 
20182 28045 
19868 28135 
20143 28271 
20073 28746 
20312 28862 
20401 28978 
20256 29043 
20405 29412 
20487 29883 
19196 29963 
19331 29860 
19938 29675 
20035 29194 
19848 28898 
19853 29110 
19822 29237 
19153 29636 
19131 29498 
18917 29518 
18934 29366 
19708 28600 
19483 28286 
19395 28118 
19348 27978 
18894 28091 
18839 27805 
18462 28164 
18822 28130 
19156 28443 
18769 29270 
18688 29346 
18837 29990 
18236 29358 
18594 29219 
18326 28276 
18106 28511 
18085 28128 
18185 27915 
17881 28105 
17825 28041 
17572 28007 
17854 28165 
18059 28583 
17611 28380 
17555 28653 
17406 28374 
17484 28074 
17282 28323 
17399 27944 
17583 27818 
17685 27951 
17919 27466 
18223 27683 
18187 27286 
18378 27264 
18104 27165 
17641 26865 
17238 27256 
17204 27272 
17252 27435 
16928 27763 
16771 28190 
16931 28259 
16957 28324 
16750 28477 
17036 28431 
17335 28746 
17563 28685 
17780 28986 
18078 29215 
17938 29778 
17611 29860 
17728 29720 
17443 29881 
17155 29243 
17127 29948 
16836 29649 
16582 29760 
16574 29670 
16526 29382 
16496 29613 
16226 29450 
16227 29143 
15951 29404 
16067 29823 
15836 29917 
15138 29951 
15097 29641 
15264 29712 
15602 29813 
15674 29669 
15542 29418 
15598 29447 
15604 29175 
15937 28811 
16222 28925 
16336 28709 
16280 28555 
15877 28666 
15701 28668 
15742 28396 
15823 28331 
16310 28533 
16553 28445 
16559 28232 
16525 28420 
16454 28197 
16394 28001 
15968 28046 
15694 28075 
15461 28232 
15648 27863 
16013 27919 
16092 27802 
16206 27698 
16197 27823 
16343 27773 
16211 27598 
15957 27336 
16162 27282 
16952 27404 
16246 27067 
17021 27060 
17496 26501 
17796 26613 
17849 26418 
18223 26629 
17899 26369 
18221 26382 
18337 26216 
17966 26295 
17815 25916 
17368 26424 
17006 26532 
16928 26534 
17078 26279 
17224 25935 
16946 25877 
16790 25567 
16409 25791 
16583 25396 
16765 25483 
16972 25102 
17534 25399 
17938 25741 
18025 25295 
18046 24778 
17911 24724 
17577 25133 
17033 25015 
17556 24913 
17758 24463 
17803 24402 
17473 23589 
17553 23582 
17580 23510 
17748 23446 
17894 23271 
17332 23300 
17785 22709 
18038 22593 
17844 22612 
17727 22411 
17198 22711 
16856 22947 
17029 23263 
17353 23615 
17396 24637 
17065 24687 
16999 24736 
16496 24947 
16817 24526 
16448 24463 
16389 24179 
16736 23926 
16509 23952 
16691 23883 
16736 23474 
16317 23758 
16311 24088 
16029 24114 
16054 24145 
16200 24700 
15656 24997 
15713 24811 
15427 24247 
15910 23718 
16287 23439 
16605 23035 
16052 23011 
16199 22778 
16524 22726 
16749 22739 
16700 22355 
16771 22186 
16970 22012 
17632 22086 
17327 21701 
17730 21622 
17523 21395 
17006 21452 
17136 21114 
17211 21072 
17242 20972 
17474 20788 
17294 20361 
17469 20404 
17659 20350 
17148 19862 
17035 19939 
17035 20228 
16826 19883 
16588 20076 
16413 19866 
16672 19465 
16298 19377 
16291 19797 
16033 19337 
15814 19285 
15670 19686 
16248 19863 
15964 20213 
16070 20351 
16515 20126 
16880 20728 
16840 21090 
16749 21048 
16350 20854 
16534 21291 
16380 21450 
16643 21455 
16569 21939 
16392 21556 
16333 21995 
16239 22148 
16045 22057 
15902 22030 
15699 22547 
15377 23056 
15333 23251 
15380 23771 
15117 23991 
15202 23629 
15137 23531 
14691 23649 
14628 23790 
14385 23426 
14480 23349 
14917 22822 
15179 22572 
15205 22285 
15401 22282 
15301 22234 
15331 22032 
15473 21881 
15880 21939 
15510 21815 
15305 21581 
15708 21531 
15915 21520 
15835 21385 
16135 21478 
15940 21036 
15657 21271 
15510 20860 
15500 20706 
15926 20467 
15809 20409 
15691 20304 
15924 20245 
15811 19982 
15461 20089 
15234 19858 
14960 20278 
15313 20662 
15410 20794 
15406 20872 
15012 21182 
15289 20810 
14987 20966 
14989 20928 
15014 20657 
15028 20628 
14902 20462 
14394 20597 
14816 20567 
14512 20647 
14674 20899 
14630 21311 
14623 21552 
14602 22060 
15132 22182 
14769 22380 
14869 22610 
14704 22662 
14604 22714 
14373 22520 
14325 22236 
14427 22019 
14090 22135 
14170 21813 
14226 21827 
14111 21218 
13737 21862 
13483 21906 
13380 21654 
12898 21850 
13001 22068 
12704 22589 
12612 22607 
13003 22802 
12987 22493 
13693 22550 
14270 22684 
14257 22963 
13767 23095 
14119 23531 
13760 23443 
13538 23635 
13479 23600 
13292 23902 
13529 23972 
13269 24324 
13675 24361 
14323 24338 
14499 24049 
14536 24247 
15001 24310 
14817 24473 
14904 24870 
14424 25503 
14896 25676 
15449 25444 
16363 25743 
15646 25873 
15647 26445 
16126 26465 
16377 25784 
16568 26337 
16416 26801 
16158 26486 
16225 26967 
15636 27135 
15585 27040 
15464 27194 
15180 27626 
15397 27204 
15293 26816 
14953 26690 
15113 26441 
15407 26547 
15473 26484 
15235 25887 
15144 25834 
14775 25965 
14784 26207 
14734 26365 
14430 26370 
14521 26621 
14786 26961 
14902 27016 
15229 27288 
15117 27423 
15013 27535 
14690 27432 
14864 28340 
15340 28742 
15066 29318 
14658 28848 
14834 28637 
14480 28803 
14411 28779 
14052 28466 
13883 28663 
13578 27904 
14354 27265 
13566 27827 
13518 27748 
13640 27479 
14092 27184 
14295 27045 
14082 27124 
13970 26744 
13899 26587 
14235 26434 
14199 25887 
14428 25749 
14215 25658 
14018 25698 
14132 25583 
13917 25599 
13923 25676 
13911 25900 
13590 26475 
13386 26362 
13282 26422 
13171 26202 
13226 26032 
13201 25851 
13769 25640 
13512 25544 
13528 25384 
13885 25421 
14178 25470 
14384 24955 
14267 24406 
13944 24680 
13737 24969 
13642 25205 
13633 24853 
13598 24696 
12914 24794 
13021 25135 
12485 25828 
12687 25968 
12433 26320 
12765 26330 
12942 26245 
12948 26523 
13228 26507 
13206 26641 
13319 26753 
13402 27062 
13436 27185 
13512 27436 
13070 27265 
13368 27036 
12834 27047 
12730 26476 
12508 26955 
12319 27200 
12936 27390 
12879 27551 
12853 27593 
13174 27634 
13288 27869 
12837 27854 
13176 28106 
13279 28125 
13819 28742 
13962 28985 
14355 29229 
13977 29374 
14480 29427 
14687 29552 
14693 29798 
13949 29384 
13453 29033 
13404 29008 
13427 29078 
13320 29271 
13691 29537 
13330 29429 
13515 29658 
14713 29958 
12652 29796 
12321 29772 
12409 29499 
12503 29422 
13133 29649 
13282 29236 
12653 29104 
12983 28731 
12631 28074 
12229 28422 
12243 29023 
11935 28767 
11970 29023 
11889 29021 
11841 29357 
12054 29782 
12109 29820 
11603 29822 
11215 29205 
11593 29035 
11688 28656 
11310 28758 
11325 28407 
11413 28283 
11876 28398 
11954 28286 
12202 28158 
11989 27961 
12042 27766 
12487 27902 
12676 27921 
12417 27731 
12319 27626 
12045 27365 
12257 27260 
12076 27074 
11978 27382 
11713 27170 
11554 27693 
11604 27973 
11544 28080 
11447 28147 
11383 27816 
11374 27331 
11361 27033 
11419 26950 
11667 26662 
11324 26470 
11176 26708 
10757 26984 
10695 26885 
11049 26333 
11365 26315 
12066 26150 
11958 26001 
11976 25964 
12188 26070 
12105 25601 
12397 25361 
12677 24966 
12545 24805 
12679 24865 
12764 24499 
12945 24326 
12849 23726 
13120 23663 
13280 23624 
13264 23467 
13330 23389 
13682 23292 
13482 23202 
13733 23107 
13516 22715 
12998 23054 
13102 23473 
12900 23631 
12613 23753 
12787 23307 
12340 22858 
12205 23251 
11991 23028 
12002 23225 
11882 23140 
11944 23667 
11861 23908 
11917 24182 
11972 24186 
12348 24769 
12262 24922 
12209 25085 
11962 25087 
11904 25145 
11643 25585 
11315 25651 
11461 25478 
11726 25127 
11553 25057 
11152 25283 
11544 25017 
11802 24919 
11948 24448 
11701 24831 
11720 24397 
11617 24186 
11521 24526 
11488 24848 
11322 24732 
11271 24739 
11325 24693 
11344 24124 
10851 24281 
11067 23868 
10951 23869 
11005 23745 
11664 23850 
11600 23168 
11817 23060 
11678 22905 
11788 22769 
12369 22800 
11793 22504 
12071 22138 
12331 22342 
12266 21995 
12339 21951 
12372 21786 
12725 21765 
12848 21676 
12336 21580 
12261 21347 
12114 21557 
11944 21609 
12105 21344 
11801 21564 
11871 21003 
12130 21166 
12312 21064 
12586 20638 
13137 20509 
13811 20406 
13421 20164 
13252 20313 
12436 20069 
12518 20499 
12171 20057 
11940 20363 
12232 20814 
12172 20963 
12026 20846 
11813 20967 
11686 20930 
11529 20923 
11635 20847 
11651 20837 
11880 20620 
11804 20603 
11705 20009 
11972 19529 
12581 19735 
12906 19703 
12995 19316 
12403 19313 
12133 19404 
12149 19276 
11993 19059 
11692 19019 
11755 19150 
11840 19481 
11540 19958 
11205 20781 
11106 20997 
10872 20597 
10839 20135 
11352 19728 
11346 19353 
10962 19297 
10666 19717 
10769 20005 
10779 20295 
10749 20559 
10416 20492 
10200 20399 
10236 19949 
10059 20221 
9817 20479 
9674 20517 
9676 20817 
9725 20932 
10156 20618 
10286 20791 
10143 20950 
10500 21181 
10801 21129 
11207 22162 
11369 22100 
11192 22580 
11176 22272 
11079 22510 
11013 22528 
10451 22264 
10421 22948 
10918 22683 
11310 23075 
11326 23262 
10934 23615 
10792 23400 
10819 23540 
10831 23761 
10777 24201 
10636 24234 
10704 23669 
10550 23561 
10249 24002 
10132 23784 
9942 23758 
9754 24140 
9972 24203 
10136 24344 
10193 24406 
10250 24507 
10695 24401 
10817 24937 
11135 25378 
11230 25720 
10974 26069 
10957 25804 
10464 25784 
10577 24854 
10299 24604 
9963 24964 
10056 25271 
10191 25672 
10342 26065 
10400 26329 
9807 25945 
10010 25662 
9861 25241 
9552 24955 
9382 25072 
9029 24795 
8994 24933 
9344 25129 
9287 25510 
8969 24953 
8811 24806 
8555 24705 
8619 24695 
9029 24539 
9542 24551 
9702 24178 
9225 24056 
9441 23942 
9238 23957 
9399 23639 
9899 23675 
10429 23175 
10148 22756 
9792 22647 
9581 22995 
9543 22936 
9572 23192 
9628 23383 
9615 23440 
9175 23324 
8998 23762 
8672 23164 
8747 22688 
9110 23103 
9190 23200 
9468 22861 
9474 22450 
9550 22784 
9493 22446 
9353 22331 
9737 22401 
9838 22295 
10281 22268 
10086 22146 
10204 21821 
9636 21091 
9513 21881 
9136 22243 
9004 22098 
8975 21815 
9039 21648 
8921 21827 
8910 21524 
8889 21036 
9097 21006 
9104 20863 
9333 20863 
9494 20720 
8989 20624 
9298 20312 
9558 20505 
9781 20106 
10083 19952 
9625 19843 
9059 20110 
8977 20409 
8689 20579 
8866 20991 
8785 21048 
8718 21021 
8672 21385 
8110 20971 
8498 21502 
8544 21767 
8928 22264 
8599 22738 
8439 21793 
8328 21650 
7718 21346 
7770 22099 
7653 22044 
7503 22368 
7783 22248 
7612 22435 
7822 22748 
8518 22775 
8382 23080 
8489 23098 
7959 23768 
7910 23485 
7661 23252 
7894 23403 
7679 23059 
7450 23335 
7394 23717 
7587 23965 
7753 23829 
8020 24214 
7592 24127 
8084 24437 
8021 24875 
8364 25308 
8412 25491 
8323 26111 
8574 25720 
8862 26031 
9513 26354 
8872 26119 
9130 26801 
9822 26685 
9964 26668 
10374 26845 
10714 27292 
10897 28022 
10811 28469 
11073 28779 
11004 29224 
11051 29316 
10641 29659 
10533 29751 
10132 29405 
9952 29535 
9859 29521 
9856 29291 
10284 29073 
10640 28807 
10623 28699 
10407 28701 
10134 28818 
10296 28493 
10334 28387 
10253 28096 
10521 27476 
10183 27247 
9938 27438 
9871 27195 
9926 27472 
9926 27890 
10001 28102 
9628 28787 
9774 29155 
9644 29264 
9403 29001 
9422 29299 
9232 29484 
9658 29463 
9244 29636 
8759 29582 
8693 29406 
8578 29732 
9002 29856 
9242 29654 
9474 29812 
9811 29888 
7609 29868 
8620 29328 
8706 29126 
8215 28905 
8635 28557 
9036 28562 
9116 28799 
9394 28800 
9314 28430 
9725 27904 
9711 27817 
8946 28218 
8843 27786 
8639 28110 
8613 27885 
8707 27805 
8565 27681 
8366 27786 
8094 27273 
7928 27529 
8092 27848 
7960 28022 
7656 27885 
7662 27909 
7958 28439 
7806 28854 
7286 28704 
7323 28297 
7021 28184 
7042 28382 
7005 28666 
7000 28750 
7239 28793 
7522 28937 
7728 28965 
7394 29301 
7219 29403 
7121 29481 
7092 28998 
7010 29549 
6170 29539 
5526 29894 
5505 29843 
5676 29079 
5947 29117 
5606 28725 
5207 28708 
4746 28508 
5274 28262 
5973 28291 
5887 28396 
5728 28598 
6048 29069 
6372 28636 
6289 28480 
6651 28450 
6869 28379 
7007 27877 
6947 27775 
6427 27597 
6482 27263 
6590 27207 
7285 27590 
7279 27695 
7370 27550 
7426 27508 
7048 26949 
7789 26877 
8263 27056 
8892 27368 
8487 26839 
8244 26885 
8363 26707 
8535 26531 
8252 26620 
8449 26163 
8061 26364 
8212 26138 
8016 26148 
7609 26184 
7325 26426 
7208 26708 
7284 26395 
7576 26080 
7370 25943 
7496 25601 
7874 25238 
7199 25230 
7197 24804 
7323 24498 
7179 24210 
7043 24285 
7188 24687 
6926 24259 
6398 24685 
6830 24991 
6967 25072 
7093 25261 
7227 25312 
7086 25713 
6786 25767 
6614 25285 
6099 25460 
6170 25512 
6547 25755 
6911 25994 
6909 26294 
6888 26678 
6534 26941 
6536 26798 
6593 26270 
6157 26417 
6127 25843 
5945 26425 
5999 26724 
6082 27306 
5095 27381 
4971 27958 
4701 27342 
4695 27336 
4886 27257 
5018 27256 
5624 27073 
5077 26910 
5520 26834 
5517 26815 
5448 26414 
5675 26233 
5912 25750 
5941 25576 
5669 25809 
5438 26195 
5144 26312 
5300 26658 
4980 26778 
4887 26639 
4503 26755 
4556 26867 
4582 27346 
4517 27478 
4283 27408 
4363 27156 
4097 27273 
3693 27179 
3716 27573 
4127 27609 
4533 28047 
4587 28339 
4472 28128 
3995 27969 
4290 28279 
3995 28497 
4395 28697 
3905 28672 
3897 28839 
3576 28758 
3920 28920 
3978 29100 
3607 29320 
4004 29259 
4159 29162 
4719 29432 
4988 29119 
4780 29477 
5216 29370 
5219 29623 
4879 29633 
4736 29623 
4668 29518 
4585 29564 
4479 29822 
4372 29579 
3650 29693 
3627 29782 
3555 29698 
3440 29580 
3390 29698 
3358 29822 
3630 29817 
4606 29893 
4771 29671 
5263 29969 
3336 29968 
1771 29942 
1273 29958 
558 29972 
54 29875 
582 29676 
806 29893 
1039 29869 
1462 29486 
717 29195 
484 29446 
686 29127 
1171 28825 
1291 28937 
1775 29244 
1803 29563 
2449 29569 
2973 29629 
3174 29639 
3252 29279 
3036 29461 
2918 29181 
2861 28955 
2677 29216 
2131 29165 
2223 29013 
1789 28654 
1486 28743 
1743 28562 
1689 28438 
1527 28414 
1484 28360 
1045 28205 
1386 28234 
1188 27981 
1352 27861 
1548 28356 
2008 27856 
2070 28254 
2044 28336 
2017 28416 
2000 28482 
2055 28426 
2762 28410 
2587 28956 
2799 28774 
3082 28885 
2973 28620 
2994 28421 
3575 28689 
3700 28622 
3135 28053 
3233 27792 
3204 27322 
2893 27522 
2841 27529 
2201 27570 
1906 27551 
2121 26987 
2440 27357 
2576 27174 
2462 27018 
2438 26768 
2705 26649 
2772 26783 
2971 27209 
3034 27215 
2863 26714 
3289 26346 
3590 26895 
4018 26832 
4275 26920 
4374 26742 
4395 26690 
4041 26657 
3743 26160 
4082 26157 
4086 26124 
4610 26323 
4813 26254 
5533 25379 
5216 25153 
5119 25039 
4946 25155 
4159 25767 
4013 25880 
3849 25422 
4324 25090 
4783 25058 
4366 24722 
4765 24695 
5136 24973 
5066 24592 
5094 24393 
5381 24574 
5373 24949 
5553 25024 
5481 24566 
5344 24147 
5646 24364 
6228 24682 
5803 24192 
6168 24131 
6383 24242 
6869 23934 
7045 23880 
7256 23450 
7305 23403 
7338 23312 
7136 23382 
7346 22941 
7540 22652 
7245 22247 
6834 22551 
6766 22291 
6652 22587 
6477 22688 
6540 23038 
6861 23468 
6590 23550 
5996 23771 
5831 23874 
5720 24156 
5670 23850 
5365 24053 
5038 23806 
5085 23698 
5652 23735 
5936 23671 
5937 23274 
6541 23257 
5998 22990 
6411 22849 
6247 22655 
6181 22250 
6078 22609 
5797 22726 
5813 22767 
5777 22938 
5696 23266 
5400 23057 
5513 22953 
5533 22833 
5722 22568 
5796 22593 
5598 22162 
6203 22137 
5691 21835 
5459 22004 
4880 22136 
5143 22335 
5257 22639 
5247 22785 
4767 22729 
5308 22929 
5273 23243 
4695 23346 
4645 23080 
4555 22631 
4317 22972 
4275 23266 
4494 23440 
4701 23777 
4319 23848 
3967 23680 
3764 24085 
4160 23869 
4488 24088 
4226 24619 
4193 24587 
3971 25080 
3721 25289 
3730 25485 
3618 25593 
3527 25199 
3295 25516 
3110 25948 
2950 26119 
2699 26257 
2379 26075 
2745 26127 
2758 25944 
3169 25560 
3208 25113 
2747 24902 
3523 24326 
2683 24805 
2808 24043 
3026 23730 
2527 23623 
2745 23953 
2504 23980 
2245 24529 
2478 24848 
2051 25031 
2123 24607 
2034 24437 
1996 24481 
1690 25009 
1683 25414 
1730 25647 
2242 26096 
1916 25993 
1801 26229 
2057 26708 
2081 26912 
1510 27495 
1679 26693 
1289 27226 
1083 27422 
1170 27842 
270 28037 
787 28310 
447 28452 
432 28874 
39 29715 
43 28654 
385 28495 
305 28191 
70 27932 
466 27370 
266 27170 
273 26974 
277 26993 
372 27147 
944 27041 
500 26810 
818 26792 
951 26828 
1140 27008 
1116 26818 
1050 26468 
757 26655 
515 26782 
414 26558 
596 26370 
443 26256 
423 26138 
962 26095 
1106 26278 
1073 26125 
1562 26355 
1626 25828 
956 25982 
431 25482 
630 25387 
1196 25492 
1619 25708 
1435 25398 
1486 25305 
1391 25109 
1022 25008 
877 25100 
947 24858 
1202 24668 
1334 24974 
1631 24487 
2022 24270 
1842 24064 
2187 24049 
2426 23813 
1791 23396 
1596 23166 
1555 23228 
1544 23537 
1315 23808 
1002 23615 
867 23627 
833 23900 
754 24015 
885 24093 
649 24066 
446 24668 
180 24918 
144 24751 
67 25343 
149 24642 
234 24427 
578 23939 
238 23657 
679 23677 
294 23255 
151 22848 
343 22996 
390 23185 
642 22798 
1005 22869 
1132 22988 
1033 22871 
979 22751 
1638 22453 
1558 23135 
1939 23219 
2362 23415 
2254 23021 
2498 23326 
2539 23256 
2549 23342 
2858 23104 
2528 22925 
2283 22757 
2051 21987 
1590 21899 
2078 21788 
2109 21987 
2265 21946 
2600 22192 
2794 22648 
3188 22204 
3203 22459 
3145 22845 
3111 23005 
3350 23118 
3291 22870 
3508 22828 
3381 22654 
3407 22352 
3811 22319 
3888 22638 
4065 22890 
4325 22635 
3962 22431 
4589 22165 
3933 22289 
4625 22001 
4541 21677 
4459 21587 
4672 21569 
4841 21775 
4692 21518 
4991 21309 
5528 21716 
5313 21210 
5544 20951 
6078 21064 
5900 20841 
5794 20797 
6028 20742 
6268 21058 
6181 21707 
6110 21752 
6179 21860 
6250 21746 
6413 21815 
6728 22163 
6915 21755 
6860 21578 
7001 21770 
6772 22156 
7238 21967 
7185 21773 
7306 21541 
6831 21412 
6546 21236 
6422 21149 
6725 21130 
6904 20784 
6933 20881 
7247 21217 
7207 20880 
7416 21080 
7233 20859 
7251 20783 
7620 20764 
7873 20464 
7505 20351 
7213 20649 
6830 20554 
6534 20289 
6365 19985 
5726 20037 
5713 20099 
5467 20324 
5224 20375 
5183 20703 
5077 21228 
4889 21170 
4663 21408 
4571 20710 
4232 20867 
4080 21398 
3888 20832 
3697 21549 
3128 21616 
2839 21704 
2973 21446 
3296 20839 
3167 20681 
3193 20630 
3596 20671 
3303 20411 
3050 20556 
2815 20160 
2594 20493 
2499 20664 
2854 20799 
2725 21064 
2485 20757 
2193 20958 
2432 21775 
1939 21354 
1708 21444 
1519 21678 
1208 21853 
873 21942 
1091 22302 
808 22594 
784 22248 
822 22161 
672 22176 
329 22138 
170 22256 
187 21830 
108 21752 
24 21370 
465 21532 
709 21620 
1258 21319 
1514 21663 
1607 21379 
1255 21110 
1296 20929 
970 20803 
130 21273 
183 20693 
936 20621 
1011 20252 
1566 20279 
994 19876 
1543 19758 
927 19730 
871 19753 
545 20201 
10 20104 
205 19924 
137 19614 
305 19507 
39 19361 
462 19003 
900 19467 
1566 19392 
1784 19353 
1865 19559 
1920 19622 
1902 19727 
1580 19784 
1636 20292 
1629 20342 
1821 20816 
1912 20516 
1926 20288 
2143 19831 
2240 20369 
2624 20164 
2701 19690 
2772 19807 
3136 20148 
3334 20044 
3349 20109 
3705 20513 
3760 20594 
4257 20693 
4435 20451 
4964 20435 
5209 20295 
5285 20208 
5007 20219 
5367 20069 
4834 20035 
4831 20135 
4336 20312 
4145 20280 
4048 19837 
3711 19683 
3701 19697 
3444 19780 
3490 19739 
3374 19716 
2887 19511 
2620 19491 
2129 19045 
2565 18977 
2898 19362 
2979 19355 
3513 19430 
3848 19409 
3869 19339 
4878 19728 
5221 19562 
5464 19455 
5847 19831 
6254 19779 
5945 19489 
6155 19443 
6127 19427 
6001 19272 
6209 19431 
6434 19607 
6435 19265 
6597 19653 
6399 19847 
6874 19819 
6667 20328 
6921 20394 
7366 20320 
7354 20226 
7233 20159 
7044 20026 
7052 19995 
7227 19935 
7294 19942 
7402 20198 
7459 19977 
7898 20179 
8174 20034 
8044 20199 
8188 20492 
8643 20174 
9001 19917 
9610 19575 
9269 19316 
9267 19063 
8943 19222 
8920 19825 
8466 20047 
8534 19397 
8052 19750 
7911 19359 
7825 19608 
7533 19664 
7128 19638 
6948 19627 
6968 18891 
7468 18853 
7734 19268 
7835 18585 
8160 18768 
7910 19323 
8299 19198 
8253 18920 
8824 19244 
8275 18551 
8502 18286 
8259 18507 
8100 18636 
7994 18154 
7983 17698 
8310 18206 
8623 18223 
9274 18762 
9328 18910 
9415 18895 
9541 19133 
9770 19396 
9991 19272 
10064 19228 
10389 19704 
10423 19123 
10271 19114 
10377 18918 
10006 18786 
9576 18655 
9726 18568 
10347 17997 
10508 17990 
10858 18460 
10637 17890 
10427 17861 
9920 17700 
9787 17811 
9333 18056 
8920 18172 
9010 18010 
8745 18163 
8706 17593 
9195 17451 
9146 17135 
9267 17095 
9759 17657 
9869 17613 
9913 17581 
10011 17489 
9920 17454 
9607 16945 
9746 16831 
10003 16749 
10075 16658 
10143 16753 
10021 16837 
10214 17458 
10522 17419 
10634 17512 
10675 17612 
10688 17675 
11061 17972 
11256 17702 
11561 17793 
11388 17581 
11479 17554 
11499 17025 
11387 16510 
11077 17153 
10437 16468 
11030 16152 
10984 15891 
10655 15601 
10494 16266 
10393 16433 
9810 16091 
9372 16702 
8955 16561 
9129 16363 
8744 16563 
8290 16582 
8399 16961 
8409 16993 
8455 16975 
8685 16684 
8897 16843 
8999 17121 
8728 17380 
8581 17253 
8023 17615 
8238 17163 
7692 17464 
7743 17759 
7830 18243 
7198 18695 
7309 17999 
7311 17688 
7431 17212 
7696 16740 
7387 16559 
7033 16543 
7106 16877 
7087 17156 
6786 16926 
7084 17239 
6487 17256 
6111 17612 
5797 17840 
5852 18469 
6273 17704 
6425 17707 
6560 17917 
6575 17687 
6713 17793 
7001 18347 
6620 18221 
6781 18426 
6638 18768 
6579 18575 
6548 18844 
5925 18687 
6105 19037 
5648 19003 
5603 19168 
5361 19065 
4959 19134 
4664 18617 
4888 18501 
5379 18184 
5080 18084 
5643 17889 
4874 17662 
4888 18216 
4643 18187 
4592 17788 
4270 18040 
4234 17744 
4038 17923 
4011 18522 
3959 18672 
3526 18416 
3747 18872 
3569 19064 
3311 18902 
3275 19093 
3050 18885 
2379 18777 
2710 18150 
2197 18566 
1831 18425 
1688 18498 
1569 18942 
1071 18922 
1193 18803 
1464 18720 
1644 18244 
2021 18154 
2293 18092 
2687 17885 
2801 17859 
2931 17971 
3237 18183 
3418 18189 
3336 18350 
3398 18356 
3566 18231 
3356 17902 
3716 17682 
3334 17882 
3144 17770 
3206 17722 
3280 17638 
3063 17345 
3763 17172 
3960 17233 
3837 17141 
4500 16762 
4500 17008 
4042 17299 
4484 17414 
4567 17329 
4884 17544 
5631 17302 
6062 17115 
5852 17043 
5960 16523 
5684 16633 
5474 16514 
5447 16803 
4865 17419 
4722 17062 
5101 16704 
5121 16579 
4811 16680 
4437 16377 
4237 16145 
3661 16152 
3421 16684 
3398 16513 
3047 16726 
3076 17075 
2914 16809 
2604 17174 
2726 17456 
2347 17624 
2320 17649 
2005 17645 
2135 17430 
1861 17612 
1744 17612 
1215 17437 
1616 17814 
1090 17574 
917 17957 
1023 18064 
995 18714 
721 18937 
477 18886 
616 18507 
299 18512 
30 17695 
380 17616 
229 17088 
267 17028 
1109 17346 
1178 16882 
951 16892 
860 16835 
381 16867 
840 16629 
1192 16538 
1261 16675 
1732 16905 
1902 16884 
2144 16889 
2121 16765 
2408 16667 
2489 16544 
2208 16363 
2040 16490 
1855 16522 
1741 16568 
1453 16257 
1608 15902 
1396 15942 
1454 15832 
1302 15913 
783 16361 
198 16487 
207 17095 
41 17513 
10 17508 
35 16357 
293 15922 
936 15832 
282 15670 
595 15439 
383 15368 
491 14960 
587 14939 
755 14890 
927 14916 
1046 15313 
1412 15309 
1347 15490 
1782 15357 
1377 14921 
1652 14776 
2287 15202 
1720 14644 
1464 14488 
658 14532 
175 13839 
655 13634 
1102 14043 
1434 13562 
1535 13791 
2064 14294 
2392 14674 
2507 14636 
2533 14306 
2550 14659 
2878 14765 
2961 14466 
3160 14842 
2666 15036 
2567 15304 
3087 15401 
2835 15754 
2064 15484 
1948 15749 
2688 16053 
2776 15989 
3326 16168 
3253 15617 
3525 15265 
3605 15720 
3770 15395 
3886 15436 
4170 15924 
4378 15498 
4752 16019 
5422 15905 
5587 16177 
5727 16407 
5775 16042 
5957 16324 
6149 16550 
6150 16148 
6410 16549 
6531 16807 
6820 16599 
6871 16275 
6613 16067 
6993 16054 
7571 16244 
8072 16351 
7886 16072 
8097 16207 
8074 16001 
7800 16004 
7601 15954 
7510 15985 
7077 15486 
6778 15599 
6574 15551 
6609 15928 
6468 15993 
6445 15523 
5975 15282 
6002 15642 
5658 15946 
5506 15468 
5416 15812 
5344 15607 
4870 15161 
5061 15093 
4826 14875 
4644 15138 
4657 15203 
4466 15064 
4496 14386 
4842 14708 
4575 14196 
5007 14066 
5369 14341 
5500 14734 
5577 14494 
5336 14063 
5202 14092 
5034 13963 
4309 13541 
4345 13362 
4349 13133 
4283 13174 
4003 13474 
4240 13898 
3926 14004 
4144 14276 
4030 14566 
4004 14887 
3783 15067 
3858 14903 
3525 14500 
3929 14428 
3626 14388 
3238 14404 
3663 14229 
3120 14178 
2700 14088 
2878 13838 
3233 13931 
3597 13946 
3637 13949 
3840 13924 
3795 13866 
3822 13618 
3374 13710 
2956 13681 
3304 13489 
3941 12999 
3590 12845 
2827 13061 
2733 13250 
2609 13064 
2287 13233 
2562 13294 
2824 13808 
2356 13664 
1575 13526 
1736 13324 
2202 13188 
2286 12895 
1985 13063 
1701 13021 
1771 13176 
1648 13170 
1487 13323 
1557 13084 
1008 13240 
890 12734 
740 13170 
746 13235 
423 12851 
619 12759 
917 12611 
1117 12643 
1675 12851 
1720 12717 
2018 12711 
2049 12633 
2504 12626 
2697 12883 
2756 12521 
2618 12210 
2194 12395 
1659 12503 
1325 12332 
988 12566 
776 12217 
1205 12131 
1362 12287 
1441 12192 
1811 11929 
1161 11715 
1106 11999 
690 11977 
230 12559 
20 12751 
45 11531 
16 10940 
116 11525 
142 11663 
181 11535 
637 11641 
237 11472 
310 10895 
833 10905 
978 11462 
970 11478 
1268 11576 
1789 11609 
2220 11854 
2308 12104 
2633 11952 
2328 11956 
2322 11712 
2279 11702 
2309 11580 
2533 11455 
2276 11570 
1773 11554 
1567 11406 
1671 10757 
1466 10825 
1427 10590 
1541 10448 
1022 10028 
1280 10568 
1103 10778 
770 10700 
466 10728 
567 10540 
398 10622 
383 10714 
207 10432 
235 10269 
434 10067 
340 10055 
555 9592 
818 9693 
978 9971 
1035 9984 
916 9770 
1447 9469 
1322 9767 
1842 9623 
2055 9975 
2024 10841 
2635 10391 
2625 11179 
2915 10658 
3265 10965 
3312 11112 
3046 11694 
3769 11341 
3679 11945 
3126 11967 
2656 12193 
3267 12348 
2795 12915 
3545 12761 
3961 12638 
3615 12346 
4109 12380 
4439 12603 
4395 13043 
5178 13205 
5488 13813 
5888 14471 
5796 15107 
6114 14401 
6835 14787 
7376 15217 
7468 15295 
8053 15738 
8125 15228 
8197 15708 
8365 16205 
8445 15407 
9167 15672 
9776 15889 
10327 15301 
9608 15630 
9355 15248 
9535 14907 
9414 15003 
9221 15183 
9083 15034 
8761 15131 
8863 14696 
8462 14831 
8364 14644 
7856 14863 
7735 15067 
7309 14846 
7542 14735 
7399 14689 
7757 14074 
7789 14773 
8367 14626 
8593 14291 
8949 14607 
9524 14773 
9109 14336 
9037 14046 
9441 14229 
9949 14576 
10096 14560 
10114 14484 
9754 14068 
9534 13798 
9759 13711 
9954 13771 
9988 13822 
10457 14068 
10185 13419 
10418 13370 
10436 13164 
10349 12995 
9939 12982 
10018 13272 
9556 12958 
9336 13166 
9024 13899 
8822 14057 
8628 14118 
7914 13948 
7346 13965 
6888 14301 
6806 14453 
6800 14437 
6853 14292 
6301 14282 
6264 13892 
6165 14299 
6111 13723 
5995 13369 
5615 13706 
5334 13233 
5701 13316 
5377 13017 
4958 12515 
4454 12388 
4295 12024 
4917 11812 
4215 11750 
3926 11572 
4030 11243 
3789 11254 
3810 10943 
3576 10813 
3570 10469 
3714 10683 
4041 10558 
3938 10302 
4089 10197 
4588 10558 
4136 11297 
4845 11577 
4907 11061 
4973 11317 
5004 11529 
5213 12034 
5510 11462 
5752 12031 
5934 13144 
6119 13174 
6256 13300 
6438 13259 
6453 13501 
6752 13668 
7196 13709 
6884 13388 
6802 12799 
7061 12877 
7298 13033 
7024 12771 
7382 12354 
7681 12521 
7952 12659 
8109 12906 
8256 13443 
8421 13647 
8863 13131 
8496 13233 
8394 12847 
8647 12960 
9152 12978 
9339 12767 
9563 12441 
9674 12815 
10170 12782 
10273 12588 
9893 12438 
9696 12243 
10005 12094 
10622 12212 
10321 11873 
10616 11695 
10232 11591 
10128 11625 
9526 11897 
10019 11358 
9034 11353 
9240 11980 
9192 12708 
8733 12451 
8714 12225 
8856 12074 
8610 11816 
8456 11731 
7885 12435 
7800 12373 
7822 11912 
7489 11602 
7509 12199 
7275 12313 
6396 12451 
7119 11953 
6267 12184 
6255 12067 
6499 11323 
6796 11251 
6632 10829 
6376 10946 
6413 10662 
6215 10745 
6064 11171 
5964 10812 
5791 10319 
5621 10724 
5833 10913 
5944 11183 
5728 11213 
5713 11179 
5225 11351 
5007 11048 
5466 10878 
5250 10753 
5276 10584 
5015 10756 
4732 10674 
4962 10148 
5134 10104 
4998 9500 
5141 9408 
5221 9412 
5660 9822 
5573 9531 
5732 9451 
6367 9850 
5682 9928 
5724 10012 
6135 10142 
6543 10413 
6941 10140 
6756 9976 
7254 9902 
7533 10423 
6989 11019 
7120 11110 
7346 10975 
7278 11221 
7464 10996 
7663 11084 
7549 10854 
7889 10801 
7815 10960 
7942 11665 
8503 11409 
9006 11362 
8377 10663 
9320 10766 
9627 10914 
9658 10449 
9439 10532 
9545 10306 
8998 10026 
8934 9789 
8890 9881 
8657 9848 
8445 10306 
7985 10560 
7987 10640 
7810 10445 
7725 10404 
7830 10306 
7783 10290 
7889 10136 
7704 10168 
7743 9946 
7408 9807 
7731 9837 
8046 9936 
8143 9751 
8585 9833 
8281 9450 
7797 9713 
7742 9670 
8017 9182 
7625 9492 
7701 9236 
7795 9033 
7586 9081 
7325 9440 
6721 9365 
6527 9328 
6776 9136 
6898 8846 
7403 8965 
7799 8676 
7611 8541 
7612 8250 
7000 8557 
6954 8240 
6796 8529 
6692 8679 
6193 8815 
6114 9225 
5871 8913 
5812 8472 
6411 8352 
6160 8104 
5730 8264 
5675 8374 
5296 8176 
5306 8743 
5108 8788 
5088 8554 
5085 8785 
4987 8823 
4866 8961 
4728 8993 
4667 8386 
4512 9036 
4656 9093 
4796 9542 
4772 9714 
4745 10212 
4268 9954 
4482 9725 
4115 9787 
4022 9671 
4382 9458 
4029 9433 
4005 9094 
3961 9375 
3746 9491 
3484 9436 
2951 10024 
2577 9847 
2515 9414 
2733 9288 
3072 9417 
2771 9237 
2915 9053 
3378 9394 
3746 9019 
3145 8630 
2959 8706 
2545 9034 
2520 9144 
2216 9013 
1793 9487 
2185 8992 
2531 8511 
1952 8334 
1924 8394 
1821 8376 
2038 8765 
1445 8485 
1458 8984 
1571 9155 
1185 9067 
1194 8536 
1093 8569 
789 8649 
469 8433 
421 8475 
538 8896 
549 8951 
249 9378 
201 9302 
93 9370 
30 6439 
107 7794 
139 6960 
280 7790 
427 7799 
510 7830 
225 8101 
675 8245 
593 8342 
733 8234 
1051 7805 
1370 8068 
1426 8214 
1704 8241 
1814 8250 
1957 7791 
1091 7427 
1474 7104 
2107 7553 
2050 7697 
2106 7708 
2041 8066 
2325 7919 
2288 7526 
2712 7753 
2683 8092 
3290 8534 
3766 8628 
3818 8742 
4119 8564 
4002 8518 
4423 8183 
4288 7932 
3956 8043 
4126 7774 
3883 7710 
3824 7936 
3411 7904 
3845 7669 
3582 7493 
3171 7583 
2926 7606 
3241 7344 
3549 7395 
4136 7459 
4266 7289 
4266 7613 
4274 7749 
5065 7764 
4428 7120 
4567 6901 
4994 7074 
5127 6937 
5396 7193 
5222 7617 
5270 7650 
5131 7972 
5451 8015 
6235 7877 
6232 7684 
6297 7326 
6584 7376 
6488 7191 
6834 7140 
6772 7373 
6897 8133 
6860 7400 
6891 7157 
7043 7373 
7221 7439 
7085 7339 
7401 7321 
7499 7243 
7275 6926 
6923 7007 
6391 6780 
6203 6698 
5962 6727 
5523 6945 
5259 6361 
5397 6262 
5974 5753 
5184 6092 
5070 6024 
4847 6665 
4699 6624 
4556 6142 
4250 6309 
4261 6603 
4166 6844 
3990 6692 
3503 7213 
3007 6904 
2547 7195 
2347 7149 
1627 7035 
1829 6690 
2211 6798 
2706 6543 
2958 6770 
3329 6651 
2940 6562 
2809 6343 
2875 6313 
3301 6263 
3456 6355 
3489 6610 
3986 6585 
4146 6324 
4133 5773 
3691 5628 
4012 5385 
4345 5141 
4191 5553 
4387 5707 
4558 5764 
4929 5878 
4986 5469 
5376 5354 
4960 5430 
5314 4941 
4731 5243 
4571 5206 
4503 5174 
4166 4886 
4162 4747 
3469 4621 
3514 4922 
3324 4886 
2963 4451 
3211 5043 
3293 5114 
3415 5123 
3200 5232 
3369 5491 
2963 5365 
3281 5669 
3023 5918 
2861 6141 
2481 6419 
2298 6148 
2292 6162 
2223 6052 
2781 5692 
2847 5285 
2539 4791 
2515 5238 
2236 5231 
1908 5568 
1864 6579 
1293 6756 
1063 5769 
684 6585 
100 6272 
299 6133 
88 5796 
541 5876 
44 5470 
647 5042 
878 5103 
1322 5229 
1490 5154 
1385 5126 
1543 4951 
1861 5190 
2162 5174 
2434 4825 
1963 4857 
2451 4554 
2056 4415 
2215 4254 
2068 4292 
1821 4340 
1613 4343 
1068 5010 
912 4334 
875 4840 
844 4345 
509 4563 
357 4249 
44 5093 
259 4116 
132 3936 
221 3812 
558 3627 
102 3656 
64 3364 
116 3320 
589 3259 
829 3509 
983 3657 
1118 3939 
1280 3862 
1422 3855 
1649 4190 
1673 4294 
1832 4273 
2020 3958 
1848 3731 
2139 3862 
2239 3875 
2790 3901 
2729 3797 
2342 3333 
1805 3301 
1667 3096 
1952 3089 
2137 2867 
2099 2813 
1704 2709 
2045 2529 
1789 2212 
1814 2155 
1489 2345 
1615 2707 
1615 2966 
1094 2868 
1027 2868 
1176 2744 
958 2833 
960 2455 
955 2115 
880 2491 
523 2387 
7 3066 
350 2370 
84 2481 
220 2008 
36 1739 
40 679 
432 491 
410 734 
639 556 
805 745 
656 1440 
771 1864 
776 1497 
908 1631 
848 1462 
1312 1669 
912 1890 
1090 2045 
1269 2171 
1496 1722 
1539 1195 
1496 1014 
1043 743 
1097 416 
845 53 
1256 165 
1355 491 
1619 803 
1679 613 
1566 271 
1476 129 
2069 42 
2109 494 
1818 674 
2113 524 
2320 636 
2508 519 
2516 191 
2495 95 
2537 205 
3292 138 
2764 528 
2660 612 
2241 800 
1540 1191 
1736 1535 
1841 1616 
2301 1391 
2279 1954 
2345 2442 
2123 2560 
2305 2614 
2549 3184 
2673 3190 
3088 3445 
2844 3114 
3241 2881 
2902 2768 
2624 2177 
2612 1765 
2505 1565 
2607 1626 
2718 1805 
2767 1544 
2951 885 
2893 1583 
2828 1801 
2894 1886 
3021 2280 
3186 2714 
3760 2298 
3641 1917 
3351 2029 
3119 1806 
3018 1701 
3684 1677 
3341 1048 
3178 920 
3421 738 
3511 259 
3608 282 
3465 58 
3827 33 
4064 221 
3969 279 
3986 497 
4280 458 
4158 727 
4540 1166 
4476 1242 
4100 1364 
3750 864 
3606 1016 
3606 1042 
3814 1382 
3962 1617 
4435 1869 
4324 2275 
4764 2006 
4578 2578 
4413 2599 
4022 2655 
4062 2791 
3955 2694 
3958 2829 
3870 2824 
3545 2797 
3845 2919 
4008 2886 
4622 3082 
4261 3478 
4014 3617 
3697 3802 
3418 3819 
3152 3991 
2945 4015 
2844 4304 
3053 4227 
3154 4032 
3724 4099 
4024 4038 
4555 3832 
4571 3810 
4713 3974 
4208 4437 
4969 4119 
5048 4019 
5076 4118 
5108 3981 
5076 3806 
5515 4118 
5761 3887 
5761 3674 
5414 3321 
4631 2838 
4576 2634 
5363 2410 
5664 3193 
6248 3154 
6204 2974 
5874 2820 
5618 2443 
5467 2131 
5147 1673 
4704 1491 
4609 1342 
4610 1148 
4905 1121 
5158 1102 
5076 1059 
5113 904 
4907 760 
4753 329 
4430 210 
4488 78 
4240 69 
4999 27 
5027 329 
5093 39 
5418 182 
5455 92 
5621 167 
6532 3 
6237 220 
6650 227 
6355 393 
5672 715 
5328 893 
5790 1090 
5620 1282 
5886 1344 
5898 1368 
5550 1739 
5996 2012 
5843 2592 
5918 2598 
6232 2511 
6268 2256 
6568 2293 
6455 2935 
6361 3041 
6398 3038 
6647 3202 
6455 3357 
6080 3741 
5864 3944 
5597 4680 
5496 5236 
5648 5289 
6007 5047 
6215 4577 
6108 3889 
6938 3785 
6556 4571 
6572 4883 
6863 4879 
6810 4917 
6644 4960 
6666 5052 
6481 5192 
6282 5112 
6254 5497 
6415 5425 
6304 6014 
6570 6220 
6636 6006 
6778 6244 
6819 5994 
6957 5914 
7653 6525 
7644 6567 
7769 7028 
7819 7137 
7943 6887 
8371 6421 
7915 6200 
7510 5838 
8006 5886 
7628 5617 
7175 5161 
7104 4531 
7029 3898 
6995 3657 
6889 3213 
6761 2868 
6799 2339 
6494 1923 
6211 1140 
6208 924 
6473 443 
6714 470 
6378 1066 
6704 1700 
6900 1719 
6841 1135 
6937 882 
7095 1008 
7082 1169 
7307 1201 
7545 1439 
7566 841 
7170 633 
6879 491 
7401 284 
7576 511 
7704 732 
7745 644 
7705 500 
7531 231 
7468 101 
8144 207 
7816 668 
7804 870 
8208 612 
8395 452 
8422 301 
8459 327 
8515 340 
8407 575 
8597 850 
8475 1045 
7796 1397 
8073 1573 
8042 1595 
8072 1658 
7437 1689 
7054 2161 
7108 2294 
7258 2374 
7219 2736 
7028 3273 
7323 3755 
7214 4493 
7658 3811 
7946 4439 
7634 5080 
7651 5093 
7782 5499 
8450 5839 
8032 5125 
8223 4976 
8218 4996 
8605 5397 
8346 4984 
8850 5203 
9493 4912 
9132 4647 
8866 4816 
8686 4842 
8264 4653 
8234 4458 
8346 4099 
8108 4075 
8369 4086 
8348 3681 
8070 3708 
8045 3665 
8201 3540 
7937 3047 
7469 2858 
7463 2800 
7526 2799 
7445 2732 
7411 2522 
7490 2466 
7867 2784 
8053 2518 
8230 2149 
8197 2585 
8451 2193 
8596 2496 
8281 2714 
8625 2858 
8575 3181 
8675 3393 
9286 3137 
9374 2698 
9775 2299 
9274 2206 
9166 2287 
9098 2118 
9052 2417 
8982 2463 
8801 2445 
8693 2349 
8807 2179 
8642 2193 
8661 1971 
8726 2027 
9025 2023 
9067 2075 
9571 1692 
9444 1506 
8900 1453 
8799 1340 
8885 787 
8785 668 
8568 254 
8947 572 
8762 141 
9358 446 
9412 917 
9523 802 
9680 1187 
9686 773 
10025 1207 
10158 958 
10380 1029 
10510 816 
10507 697 
11172 247 
11268 585 
10634 880 
10701 968 
10459 1611 
10015 1224 
9759 1299 
9797 1540 
9906 1491 
10212 1676 
10342 1670 
9950 1970 
9862 2085 
10079 2359 
10191 2376 
9977 2780 
9780 3083 
9783 3315 
9763 3606 
9491 3427 
9149 3478 
8616 3881 
8760 4454 
8743 4609 
9001 4576 
8964 4201 
9434 3970 
9333 4207 
9464 4186 
9490 4421 
9839 5017 
9564 4950 
8819 5365 
8829 5587 
8865 5615 
8545 6078 
8430 5855 
8490 6157 
8482 6326 
8629 6196 
8755 6501 
8927 6421 
8893 6361 
9044 5897 
9020 6487 
9356 6480 
9579 6200 
9631 5781 
9959 5192 
9827 5733 
9920 6037 
10135 6154 
9882 6558 
9960 6806 
9714 7004 
9450 6939 
8508 7191 
8045 7381 
7874 7405 
7866 7535 
7864 7796 
7683 7741 
7693 8128 
8071 8321 
8106 8431 
7863 8720 
8180 8556 
8182 8324 
8355 8591 
8408 8778 
8287 8929 
8485 9150 
8553 9342 
8855 9441 
8944 8942 
8590 9024 
8859 8727 
8941 8917 
8944 8845 
9318 8836 
9281 8684 
9211 8598 
8637 8651 
8308 7989 
8549 7656 
8529 7399 
8761 7582 
8713 7801 
8819 7713 
9391 8400 
8925 7508 
9619 7290 
9727 7085 
9803 7285 
9925 7954 
10079 7811 
10122 8185 
9805 8219 
9781 8248 
9793 8265 
10030 8715 
9843 8662 
9482 8635 
9674 8964 
9588 9003 
9113 9284 
9864 9276 
9723 9852 
9960 9483 
10061 9405 
10119 9210 
10389 9397 
10388 9642 
9785 10463 
10131 10662 
10431 10889 
10858 10107 
10651 9722 
10639 9330 
10706 9327 
10790 9664 
11076 9916 
11042 10212 
10595 10965 
11253 10797 
11392 11160 
11491 11420 
11594 11815 
11823 11191 
11956 11009 
11490 10921 
11642 10528 
11173 10311 
11141 10281 
11445 10201 
11700 10075 
11292 9911 
11207 9653 
11169 9354 
11258 9291 
10874 9262 
10787 8904 
10652 8750 
10943 8838 
11556 9065 
11425 9295 
11636 9624 
11728 9189 
11808 9580 
12178 9854 
12057 10039 
11971 10322 
12511 10396 
12200 9868 
12758 10091 
12944 10230 
13203 9920 
12909 9672 
12877 9725 
12577 9584 
12037 9007 
12734 9452 
12430 8500 
11896 8668 
12232 8261 
12805 7782 
12746 7656 
12325 7791 
12119 8064 
12063 8195 
12046 8163 
11817 8010 
11792 8372 
11695 8846 
10928 8627 
11265 8222 
11409 8154 
11420 8006 
11264 7591 
11225 7931 
11136 8100 
10985 8286 
10830 8198 
10480 7870 
10063 7410 
10768 7575 
10077 7325 
9833 7119 
9897 6934 
10203 6924 
10866 7199 
10384 6754 
10212 6564 
10173 6156 
10005 5870 
10169 5408 
10224 4884 
10383 4877 
10678 5440 
10524 6168 
10422 6626 
10471 6656 
11263 6973 
11287 6619 
11404 6797 
11285 6546 
11190 5951 
11112 5731 
11070 5611 
10788 5343 
11035 5035 
10744 4993 
10833 4620 
10511 4632 
10347 4591 
10142 4085 
9730 4254 
9792 3605 
10101 3802 
10147 4017 
10144 3893 
10234 3990 
10394 3918 
10350 3652 
10114 3729 
10047 3615 
9800 3312 
10007 3208 
10282 3103 
10797 2694 
10263 3058 
10359 2693 
10722 2139 
11006 1672 
11008 1619 
11222 1193 
11298 1185 
11395 939 
11518 1474 
11511 1698 
11242 1916 
11215 1919 
11114 2009 
10929 2358 
11209 2206 
11252 3013 
11012 2961 
10395 3234 
10440 3511 
10447 3605 
10778 3461 
11019 3729 
10609 3909 
10409 3927 
10529 4545 
10756 4170 
10985 3877 
11500 4262 
11126 4603 
11517 4614 
11288 5090 
11865 4967 
11563 5674 
11440 5639 
11529 5701 
11448 5850 
11836 6301 
11875 5872 
12054 6246 
12117 6135 
12729 6505 
12224 6037 
11953 5637 
12229 5143 
12402 5386 
12532 5755 
12772 5989 
12975 5582 
12816 5239 
12712 5123 
12220 5074 
11896 4328 
11978 4162 
11687 3841 
11438 3781 
11421 3393 
11358 3204 
11439 2971 
11674 2838 
11468 3238 
11735 3487 
11983 2982 
12072 2546 
12351 1886 
12508 1631 
12294 1624 
11957 1652 
11897 748 
11723 568 
11497 360 
11298 361 
11517 320 
11921 459 
11948 539 
12191 593 
12175 638 
12795 904 
12362 457 
12466 312 
12908 774 
12728 206 
12881 256 
12821 87 
12971 214 
13381 335 
12975 754 
13276 801 
12882 899 
12781 978 
13059 1198 
12979 1322 
13499 1352 
12971 1481 
12599 1960 
12736 2118 
12413 2444 
12203 2675 
12427 2637 
12892 2890 
12493 2985 
12070 4073 
12453 4260 
12592 4502 
12623 4285 
12800 4403 
12843 4153 
12794 4150 
12959 3663 
12729 3030 
13370 3257 
13248 3001 
13171 2750 
13115 2918 
13055 2672 
12918 2265 
13091 2186 
13162 2402 
13287 2197 
13355 1702 
13516 2269 
13483 2400 
13437 2629 
13396 3039 
13591 3386 
13549 3620 
13975 3208 
13827 3092 
14073 3067 
13872 2848 
13762 2359 
14128 2814 
14382 3303 
14116 4092 
13913 4106 
13510 4265 
13090 4497 
12950 4814 
12952 4817 
13040 4982 
13336 5591 
13050 5933 
13118 5991 
13086 6447 
13516 6202 
13754 6434 
13641 6075 
13410 5891 
13441 5624 
13796 5982 
13827 6019 
14037 5682 
14274 5672 
14012 5118 
14032 5000 
14037 4886 
13995 4910 
13771 4256 
14133 4656 
14147 4416 
14461 4027 
15159 4849 
14814 5161 
14282 5034 
14388 5602 
14831 5368 
14852 5457 
14469 6049 
14943 6214 
14667 6550 
14366 6431 
14467 6863 
13941 6523 
13723 6522 
13381 6620 
13155 6568 
12918 6547 
12730 6530 
12285 6860 
12869 7124 
12723 7225 
12937 7130 
13100 7116 
12897 7658 
13135 7118 
13276 7110 
13336 7144 
13844 7138 
13540 7801 
13558 7839 
13055 7907 
12972 8030 
12727 8523 
13071 8990 
13139 9223 
13103 8893 
12902 8470 
13272 8389 
13290 8323 
13617 7958 
13873 7870 
13822 8176 
13598 8327 
13403 8390 
13293 8645 
13585 8448 
13588 8789 
13989 8694 
13987 8781 
14164 8873 
14064 8961 
13837 9151 
13781 9298 
13850 9254 
14148 9712 
14170 9132 
14386 8861 
14354 8440 
14411 8263 
14529 8503 
14937 8149 
14678 8059 
14674 7936 
14945 8032 
15103 7774 
14867 7690 
14637 7528 
14616 7451 
14534 7133 
14546 6917 
14961 7131 
14855 7381 
14886 7378 
15024 7474 
15173 7742 
15509 8087 
15510 8161 
15057 8417 
14850 8646 
14799 8893 
14770 8954 
14577 9152 
14640 9799 
14589 9799 
14693 9920 
14935 9755 
15271 9981 
15206 9075 
15303 8553 
15699 8663 
15667 8979 
15830 8866 
15785 9055 
16134 9160 
15868 9405 
15976 9631 
16076 9539 
16290 9146 
16150 8847 
15938 8772 
15935 8333 
16229 8669 
16785 8883 
17092 8764 
16860 8650 
16988 8477 
16937 8281 
16429 8329 
16475 8127 
16347 8071 
16207 7945 
16174 8166 
15767 7841 
15520 7762 
15626 7686 
15142 7292 
15363 6758 
15493 6736 
15419 6520 
15112 6309 
15153 6030 
15683 6228 
15598 5805 
15558 5813 
15743 5689 
15124 5411 
15342 5064 
15569 5144 
15470 4713 
15236 4171 
15056 3835 
14952 3472 
15042 3522 
15163 3420 
14936 3237 
15006 3068 
14689 2838 
14700 2370 
14322 2269 
14073 2194 
13846 2126 
14285 1947 
14951 1611 
14297 1615 
13898 1414 
13742 587 
14321 869 
13993 361 
13878 311 
14128 129 
14082 315 
14557 134 
14688 740 
14697 744 
14726 752 
14894 1108 
14951 904 
14792 765 
14788 699 
14973 717 
15082 1000 
15218 565 
15346 285 
15518 402 
15671 648 
15535 1155 
15330 1286 
15035 1339 
15050 1683 
14666 2320 
14943 2355 
14825 2548 
15414 2936 
15071 2369 
15513 2728 
15634 3052 
15723 3300 
15223 3575 
15707 4140 
15634 4281 
15858 4604 
15857 4920 
15806 4996 
15951 5592 
16019 4925 
16277 5007 
16263 4916 
17051 4876 
16873 4457 
16577 4472 
16440 4254 
16514 4432 
16148 4584 
16073 4304 
16369 4261 
16406 3763 
16180 4191 
15849 3918 
15751 3433 
15984 3414 
15839 3259 
16341 2899 
16238 3213 
16610 3230 
16398 3348 
16707 3317 
16886 3527 
16858 4078 
17388 4134 
17358 4566 
17240 5106 
17141 5341 
16358 5462 
16395 5591 
16554 5666 
16193 6437 
15892 6330 
15795 6604 
15649 6875 
15931 7271 
16024 6752 
16711 7141 
16719 6499 
16725 6367 
16862 6441 
16949 6552 
17184 6442 
17333 6559 
17635 6447 
17551 6382 
17467 6264 
17120 5876 
17256 5590 
17631 5490 
17956 5162 
17988 5307 
18109 5627 
18193 5250 
18042 4840 
18059 4728 
18065 4656 
17912 4381 
18267 4366 
18272 4490 
18439 4818 
18659 4306 
19326 4114 
19577 4013 
19390 4054 
19258 3991 
18775 3951 
18783 3706 
18608 3922 
18522 3939 
17958 3872 
17925 3746 
17748 3768 
17847 3681 
17522 3839 
16975 3396 
17272 2963 
17169 2904 
16784 2748 
16766 2641 
16549 2427 
15526 2357 
15670 1656 
15914 1687 
15837 1536 
16039 1346 
15970 962 
16241 1005 
16298 1299 
16340 1353 
16359 1678 
16170 1786 
16404 2100 
16316 1853 
16345 1879 
16492 1662 
16532 2023 
16710 2208 
16708 2295 
16757 2533 
17282 2215 
17414 2206 
17125 1903 
17031 1900 
16880 1904 
16655 1565 
16410 1221 
16821 868 
16876 902 
17073 1377 
17130 838 
16649 522 
16056 471 
16292 304 
15934 2 
16637 54 
16934 72 
17332 487 
17356 245 
17536 89 
18066 58 
17729 349 
17973 347 
17723 493 
17539 477 
17723 575 
18081 480 
18089 620 
17826 912 
17625 760 
17303 732 
17286 872 
17357 973 
17348 1219 
17403 1005 
17860 1399 
17400 1559 
17108 1864 
17542 1859 
17614 2013 
17558 2145 
17984 2067 
17926 1675 
17959 1293 
18041 959 
18222 1265 
18265 815 
18218 762 
18513 856 
18711 1350 
18125 1763 
18072 1964 
18528 1984 
18703 2011 
18515 2118 
18303 2187 
18672 2303 
18758 2092 
19144 1762 
19260 2077 
19209 2433 
18990 2737 
18751 2795 
17903 2357 
18329 3532 
18722 3574 
18670 3338 
18720 3153 
19202 3167 
19180 3033 
19330 2831 
19262 2661 
19522 2867 
19646 3188 
19560 3300 
19538 3332 
19975 3516 
19732 2969 
19706 2598 
19389 2156 
19726 1795 
19853 2258 
19928 2359 
20133 2899 
20444 3174 
20409 4048 
19829 3685 
19591 3632 
19364 3541 
19178 3753 
19616 3938 
19672 3700 
19743 3761 
20168 4195 
19200 4623 
19158 4958 
18522 5039 
19111 5072 
18906 5301 
19113 5307 
19501 5052 
19613 5558 
19139 5701 
18662 5564 
18530 5415 
18296 5738 
17972 5727 
17530 5782 
17762 6205 
17943 6230 
17807 6489 
17718 6589 
17821 6719 
17946 6686 
17651 7081 
17498 7045 
17391 7080 
17172 7076 
17023 7089 
16781 7158 
16419 8028 
17125 7564 
17433 7223 
17585 7606 
17415 7517 
17397 7551 
17168 7865 
17302 7978 
17254 8020 
17168 8164 
17272 8202 
17248 8390 
17430 8137 
17568 8036 
17617 8626 
17254 8685 
17417 9174 
17081 9091 
16781 9318 
17118 9403 
16712 9807 
16663 9366 
16412 9571 
16120 9854 
15762 9774 
15299 10006 
15995 10233 
16431 10085 
16460 10305 
16719 10206 
16457 10461 
16810 10522 
16505 10815 
16705 10946 
16888 10719 
16977 10479 
16897 10341 
16795 10196 
17303 10005 
17131 10354 
17473 10229 
17558 10435 
17236 11343 
18014 11059 
17860 10753 
18095 10695 
17695 10320 
17594 10028 
17542 9612 
17621 10007 
17801 9753 
17593 9408 
17488 9571 
17526 9372 
17744 9311 
17801 9327 
17797 9164 
17996 9100 
17957 9320 
18087 9125 
18245 9423 
17974 9975 
18299 10268 
18471 9931 
18613 10142 
18934 10192 
18932 10125 
18737 9800 
18410 9673 
18377 9443 
18442 9348 
18451 8724 
18014 8227 
18550 8437 
18242 8019 
18769 8020 
18384 7865 
17916 7951 
18340 7143 
18861 7239 
18897 7399 
19097 7457 
19282 6829 
18917 7211 
18778 6873 
18584 6822 
18257 6820 
18620 6207 
18718 6693 
18755 6282 
19012 6190 
18958 6605 
19137 6739 
19404 6569 
19240 6319 
19212 6056 
19611 5592 
19542 6149 
19723 5524 
20030 5494 
19860 5283 
20229 5453 
20261 5009 
20463 4390 
20526 4796 
20546 5246 
20391 5141 
20360 5312 
20627 5816 
20363 5816 
20287 5805 
20397 6208 
20114 6465 
20264 6582 
20037 6664 
19980 6558 
19611 7033 
19990 7071 
20343 7103 
20502 7612 
20154 7796 
19888 7522 
19630 7429 
19933 7745 
19519 7455 
19055 7795 
19187 8356 
19419 7962 
20005 7853 
19665 8387 
19228 8619 
18989 8585 
18884 8380 
18673 8511 
18740 8584 
18936 8768 
19270 9008 
18794 9025 
18736 9152 
19000 9442 
19233 9900 
19618 9823 
19604 9801 
19450 9670 
19574 9736 
19525 9483 
19504 9192 
19739 9241 
19858 9067 
19664 8778 
20571 8210 
20180 9143 
20284 9212 
20047 9445 
20354 9271 
20401 9583 
20574 9523 
20819 9443 
20566 9431 
20578 8997 
20892 9090 
20843 8695 
21372 8105 
21498 8470 
22194 8447 
22322 8519 
22210 8321 
21918 8041 
21605 7672 
21183 7743 
20832 7586 
21537 7359 
20780 7217 
21025 6593 
21524 6698 
20970 6425 
21673 6520 
21708 6601 
21959 6961 
21750 6537 
21942 6397 
22381 6078 
22276 5989 
22214 5933 
22475 5805 
22567 5722 
22311 5590 
22129 5512 
22090 5674 
22007 5736 
21587 6086 
21314 5438 
20947 5982 
21145 5469 
20888 5432 
21297 5143 
20962 4910 
20664 4066 
20854 3441 
21186 3819 
20989 3460 
21167 3590 
21161 3366 
20844 3203 
20474 2181 
19960 2287 
20406 2126 
20427 1982 
20276 1922 
20138 1511 
19856 1522 
19551 1537 
19532 1150 
19514 1041 
18820 1237 
18824 825 
18810 435 
18566 196 
18530 94 
18825 98 
19064 599 
19389 11 
19566 203 
19633 187 
19668 185 
19593 350 
19540 539 
19919 789 
20260 310 
20099 858 
20008 1034 
19667 785 
19875 1224 
20143 1472 
20332 1612 
20413 1716 
20459 1966 
20683 1846 
20620 2028 
20745 1847 
20743 1282 
20676 1240 
20374 1294 
20260 1119 
20325 918 
20412 593 
20499 1049 
20872 727 
20972 999 
21218 928 
21484 994 
21110 755 
21026 337 
20943 260 
21783 211 
21725 802 
21532 1075 
22355 1028 
22417 1455 
21852 1987 
21352 1870 
21626 2093 
21258 1964 
20889 2038 
21286 2887 
21500 2444 
21891 2364 
21875 2552 
21885 2800 
21952 2511 
22117 2560 
22171 2408 
22713 1881 
22743 1746 
22747 2051 
23209 1468 
22813 1629 
22515 921 
22714 836 
22353 585 
22037 580 
21932 278 
22219 447 
22375 438 
22539 165 
19921 4 
24814 2 
23072 144 
22716 182 
23071 267 
23885 139 
24019 488 
24040 360 
24525 55 
24768 21 
24659 271 
24501 633 
24260 846 
23999 893 
23707 1088 
24097 1377 
23665 1251 
23861 1805 
23976 1740 
24095 1695 
24033 1861 
23740 2380 
23538 2359 
23267 2335 
23521 2399 
23512 2444 
23643 2552 
23443 2624 
23180 2432 
22383 2591 
22939 3137 
22322 2698 
22122 3026 
21922 2989 
22172 3231 
22795 3346 
22937 3375 
23067 3574 
23060 3599 
22416 3496 
22384 3504 
22157 3623 
22012 3512 
21799 3489 
21881 3753 
21745 3870 
21785 3986 
21583 3833 
21183 3894 
21163 3985 
21283 4939 
21350 5045 
21453 5053 
21429 5239 
21697 5665 
21812 5668 
22013 5436 
21802 4336 
22076 3859 
22211 3655 
22311 4267 
22612 4281 
22641 4424 
22634 4670 
22648 5254 
23003 4959 
22999 4956 
23022 4543 
23020 4486 
23159 3875 
23193 3581 
23309 3913 
23441 3432 
23606 3354 
23592 3275 
23761 2959 
23938 2849 
23935 3005 
23869 3134 
23791 3396 
23689 3648 
24016 3683 
24057 3800 
24221 3947 
23844 4080 
23317 4247 
23129 4569 
23106 4905 
23632 4893 
23937 4680 
23991 4709 
23969 4555 
24089 4329 
24221 4872 
24014 4741 
24102 5010 
24240 4986 
24199 5463 
24035 5564 
23557 5055 
23369 5426 
23310 5281 
22964 5657 
23229 5636 
23648 5558 
23701 5958 
23252 5841 
22737 5804 
22495 6392 
22719 6556 
23247 6214 
23372 6211 
23171 6529 
22822 6595 
22763 7252 
23123 6996 
23845 6454 
24017 6010 
24178 6319 
24258 5966 
24515 5787 
24704 6063 
24832 5783 
24570 5792 
24484 5530 
24579 4922 
24772 5273 
24872 5232 
24672 4856 
25031 5001 
24773 4787 
24897 4595 
24175 4240 
24153 4198 
24328 3916 
24762 4092 
24917 3893 
25023 3901 
24839 3813 
24385 3324 
24889 3452 
24967 3454 
25053 3304 
24559 3254 
25026 3031 
24340 3030 
24165 2736 
24413 2425 
24719 2510 
24760 2114 
25004 2105 
24769 2010 
24867 1752 
24665 2000 
24631 2057 
24496 2120 
24248 1874 
24524 1831 
24309 1754 
24403 1693 
24527 1726 
24480 1670 
24667 1646 
24367 1497 
24623 941 
24652 559 
24743 990 
24774 1433 
24936 1059 
25304 1350 
25001 1710 
25031 1815 
25194 1924 
25497 2403 
25697 2384 
25590 2283 
25385 1923 
25298 1759 
25688 1243 
25784 2004 
26036 1888 
26601 1301 
26584 1027 
26315 1028 
26521 926 
26425 876 
26015 626 
25648 879 
25375 971 
25174 880 
24799 463 
25057 473 
25005 286 
25257 503 
25200 55 
25623 8 
25817 443 
25840 146 
25872 124 
26936 87 
26590 429 
27034 233 
27036 551 
26701 821 
27026 775 
27098 915 
27591 989 
27142 733 
27349 148 
27640 40 
27866 483 
27885 177 
28756 133 
28356 446 
28190 583 
27799 1111 
27601 1056 
27523 1136 
27316 1231 
27593 1246 
28053 1379 
28058 1393 
27399 1948 
27271 1463 
26847 1427 
26991 1626 
27211 1797 
26983 1857 
26915 1640 
26837 1436 
26636 1917 
26525 2115 
26532 2234 
27032 2253 
27055 2372 
26532 2465 
26261 2307 
26476 2517 
26342 2564 
25749 2608 
25233 2636 
25237 3221 
25492 3313 
25461 3580 
25721 3606 
25761 3759 
25266 4275 
25148 4279 
25043 4382 
24956 4434 
24927 4680 
25308 4672 
25768 4664 
25825 4698 
26007 4799 
25971 4510 
26184 4306 
26555 4049 
26410 3873 
26251 3039 
26727 3528 
26834 3559 
26933 3964 
26876 3518 
26566 3025 
26657 2913 
26833 2797 
27040 2751 
27131 3234 
27578 3007 
27472 2879 
27671 2342 
27749 2824 
28057 2281 
28181 2722 
28566 2417 
28422 2286 
28140 2039 
28512 2152 
28661 1735 
28334 1382 
28306 969 
28576 839 
28615 1008 
28482 1314 
28792 1415 
28863 1475 
29167 1362 
29390 305 
29653 1248 
29393 270 
29778 1465 
29927 1675 
29787 1712 
29817 1864 
29668 1805 
29118 1507 
28982 1927 
28785 1753 
28860 1995 
29011 2026 
29536 2406 
29885 2107 
29530 2750 
29285 2791 
29094 2466 
28906 2381 
29148 2950 
28604 3097 
28549 2989 
28352 3160 
28523 3136 
28405 3353 
27753 3521 
27332 3964 
27825 4175 
27525 4388 
27243 4513 
27411 4581 
27395 4617 
27865 4697 
27882 4767 
27681 5155 
27253 5310 
26868 4977 
26972 4612 
26790 4778 
26329 4430 
26406 4723 
26747 4946 
26879 5119 
26953 5710 
27256 5410 
27741 5256 
28127 5323 
28093 5099 
28072 4638 
28170 4503 
28336 4257 
28215 3828 
28438 4043 
28557 3481 
28725 3945 
28625 4115 
28491 4604 
28390 5038 
28344 5251 
29109 5275 
29392 4730 
28775 4701 
29448 4592 
28904 4160 
29518 4184 
29518 4076 
29172 3225 
29911 3107 
29984 2048 
29945 3623 
29827 4445 
29669 4607 
29491 4657 
29736 4835 
29928 6031 
29674 5039 
29763 5973 
29503 5155 
29360 5386 
29245 5735 
29649 5984 
29211 5879 
29107 6281 
29370 6460 
29692 6229 
29838 6941 
29696 7300 
29910 7365 
29993 7937 
29861 7517 
29864 8049 
29642 8219 
29360 8193 
29427 7329 
29586 7172 
29460 6578 
29271 7372 
28828 6619 
29030 6489 
28865 6541 
28873 6478 
28836 5988 
28623 5654 
28312 5597 
28173 5674 
28564 5772 
28617 6192 
28548 6767 
28328 6249 
28309 6203 
28174 6279 
28299 6178 
27978 6205 
27878 5667 
27572 5702 
27701 5955 
27395 5800 
27632 6093 
27282 6183 
27424 6337 
27568 6690 
27234 6595 
27276 6698 
27114 6790 
26835 6608 
26633 6615 
26705 6461 
26204 6040 
26551 5809 
25919 4907 
25944 5725 
25666 5539 
25646 5543 
24983 5904 
25868 5858 
26114 5950 
26055 6191 
25935 6864 
25707 6288 
25521 6622 
25219 6605 
25318 7315 
25028 7312 
24816 7176 
24862 6613 
24852 6274 
24519 6484 
24561 6537 
24063 6719 
24544 7229 
24002 6962 
23729 7409 
23200 7629 
23063 7672 
22776 7993 
22706 7669 
22430 7247 
22200 7301 
22408 7922 
22612 8251 
22682 8086 
22898 8046 
23008 8147 
23271 8050 
23699 7538 
23777 7467 
24080 7454 
24487 7889 
24152 8309 
24136 8941 
24529 8612 
24739 8228 
24953 7979 
24834 8198 
25012 8355 
25013 8136 
25148 8021 
25518 7797 
25391 7338 
25675 7011 
25975 7053 
26291 6647 
26804 6813 
26837 6775 
27054 6984 
27453 6914 
27586 7007 
27382 7167 
27682 7124 
28101 7125 
28280 6981 
28714 7187 
28889 7795 
28726 7756 
28779 7839 
28677 8098 
28528 8145 
28380 7919 
28407 7477 
28361 7221 
28258 7373 
28145 7257 
28149 7404 
27812 7386 
27569 7451 
27090 8275 
26994 7288 
27081 7127 
27017 7180 
26350 7259 
26533 7479 
26127 7444 
26592 7725 
26273 8025 
26877 8252 
26714 8396 
26561 8526 
26177 8339 
26069 8237 
25892 7962 
25829 7969 
25612 7844 
25660 8046 
25319 8410 
25322 8677 
25795 8622 
25715 8298 
26030 8461 
25916 8580 
26472 8581 
26079 9032 
25848 8708 
25355 9070 
25779 9546 
26032 9133 
26534 9216 
26603 8633 
27304 8556 
27670 8085 
27840 7931 
28041 7922 
27849 8256 
28402 8497 
27986 8801 
27618 8699 
27523 8813 
27324 9083 
27151 9198 
27142 9542 
27002 9381 
26527 9322 
26250 9719 
26955 9797 
27276 9633 
27480 9184 
27789 8959 
28014 9066 
28067 9359 
28157 9300 
28170 8966 
28276 8847 
28516 8763 
28429 9213 
28684 8904 
29132 8607 
29466 8431 
29696 8351 
29736 8422 
29462 8508 
29449 8517 
29752 8578 
29648 8961 
29850 9312 
29653 9244 
29275 8896 
28785 9049 
29099 9242 
28731 9468 
28595 9214 
28423 9604 
28210 9606 
28034 9432 
28123 9633 
28020 9587 
27677 9759 
27785 10402 
27568 10333 
27806 10533 
27987 11064 
28050 10359 
28081 10263 
28511 10032 
28852 9532 
29245 9593 
29653 9258 
29811 9344 
29657 9645 
29862 9585 
29953 9552 
29914 10030 
29532 10105 
29158 9957 
29182 10009 
28643 10389 
29227 10294 
29557 10358 
29557 10540 
29178 10602 
29639 10806 
29980 11566 
29606 10892 
29452 11188 
29190 11116 
29138 10653 
28742 10823 
28606 11010 
28916 10952 
28658 11145 
28321 11145 
28527 11528 
29104 11356 
29200 11398 
29394 11365 
29215 11419 
29148 11799 
28708 11784 
28130 11648 
28387 12143 
28079 12005 
28237 12604 
28527 12771 
28542 12554 
28598 12267 
28761 12337 
28773 12216 
28929 12289 
29068 11877 
29582 11775 
29626 12597 
29994 12493 
29739 12625 
29712 13040 
29374 12954 
29284 13070 
29004 13150 
29189 13440 
29505 13249 
29715 13198 
29318 14081 
29142 13749 
29072 14098 
28963 13903 
28936 13628 
28693 13145 
28643 13692 
28614 13850 
28623 13991 
29182 14306 
29892 15038 
29169 14782 
29186 14837 
28994 14950 
28800 15023 
27992 14559 
28536 13988 
28312 13359 
28600 13023 
28344 13029 
28020 13183 
27743 12980 
27450 12620 
27587 13140 
27366 13278 
27299 13227 
27217 12931 
27029 13156 
26888 13127 
26723 13122 
26598 12823 
26587 12757 
26883 12564 
27155 12650 
27141 12557 
27536 11862 
27786 11898 
27966 11908 
27875 11873 
27888 11347 
27821 11253 
27776 11354 
27670 11209 
27763 11072 
27520 11158 
27164 10488 
26956 10314 
26590 10113 
26181 9957 
26327 10234 
26311 10236 
25882 10612 
26268 10449 
26503 10422 
26393 10570 
26557 10546 
26854 10752 
27182 11141 
26728 11201 
27062 11382 
27601 11805 
27053 11605 
26696 11915 
26809 12054 
26519 12146 
26425 11969 
26218 12188 
26008 12075 
26129 11503 
26479 11348 
26272 11357 
25801 11067 
25749 11320 
25691 11679 
25507 11263 
25721 11026 
25495 10896 
25295 10666 
25368 10095 
24963 10092 
25520 9824 
25332 9276 
24599 9107 
24318 8991 
24101 9206 
24643 9425 
24165 9513 
23820 9208 
24025 8970 
23829 8790 
23695 8565 
23541 8530 
23546 8741 
23694 9182 
23552 9275 
23413 8898 
23109 9012 
22695 8629 
22732 9051 
22426 9031 
22238 8755 
22151 9154 
21986 8798 
21871 8788 
21785 8881 
21590 8728 
21080 8903 
21407 9503 
21748 9138 
21489 9882 
21208 9746 
20776 9598 
20392 9705 
20357 9728 
19852 10102 
19366 10536 
19900 10605 
20284 10451 
19988 10332 
20353 10285 
19989 10153 
20417 10082 
20382 9924 
20846 9957 
20660 10092 
20837 10002 
20732 10131 
20990 10037 
20785 10499 
21436 10241 
22201 10010 
22366 9714 
22478 9719 
22471 9703 
22391 9710 
22399 9298 
22746 9750 
22829 9727 
23810 10520 
24281 9675 
24294 10447 
25169 10744 
25474 11103 
25195 11231 
25521 11904 
24962 11818 
24739 11951 
24737 11509 
24894 11433 
24886 11329 
24142 10851 
23689 10601 
22769 10121 
22699 9894 
22625 10014 
22474 10100 
22479 10259 
22530 10153 
22615 10207 
22878 10520 
23009 10789 
22872 10783 
22540 10488 
22023 10839 
21414 10975 
21579 11292 
21610 11346 
21653 11349 
21930 11105 
22175 11375 
22080 11358 
22195 11837 
22551 11480 
22657 11286 
22863 11501 
23051 11097 
23260 10921 
23903 11089 
23338 11478 
23000 11755 
22840 11802 
22633 12046 
22915 12079 
23274 11787 
23109 12274 
23452 11902 
23416 12317 
23546 11963 
23944 11952 
24333 11800 
23990 12124 
24783 12252 
24759 12716 
24462 12794 
24867 12800 
25017 12847 
25476 12454 
25939 12406 
26098 12431 
26578 12415 
26362 12837 
25918 12514 
25737 13023 
25192 13001 
24925 13005 
25088 13133 
24941 13181 
24872 13306 
25210 13295 
25490 13298 
25954 13439 
26062 13472 
26634 13251 
26086 13581 
25832 13640 
25601 13572 
25062 13498 
24553 13372 
24967 13958 
25256 13851 
25727 13826 
25830 13729 
26088 13647 
26701 13569 
26514 13899 
26768 13991 
26848 13618 
27191 13286 
27162 13620 
27274 13377 
27360 13692 
27480 13507 
27588 13409 
27866 13592 
27319 13804 
27284 13815 
27146 13790 
27113 13863 
27306 13916 
27442 14363 
27966 14561 
28049 14821 
27464 14604 
26764 14453 
26512 14912 
26450 14772 
26456 14212 
25840 14453 
25763 14315 
25781 14502 
25940 14656 
26144 14756 
25990 14816 
25806 14669 
25673 14688 
25591 15213 
25247 15017 
25398 14588 
25135 14807 
25175 14530 
25219 13924 
24981 14070 
24506 14721 
24331 14454 
24210 14436 
24183 14659 
23719 14468 
24255 13992 
24457 13904 
24348 13880 
24133 13417 
24189 13111 
24122 13408 
23811 13691 
23586 13304 
23426 13499 
23446 13136 
23533 13069 
23904 12481 
23567 12512 
23502 12737 
23220 13021 
23182 12595 
22503 12733 
22331 12502 
22297 12453 
21910 11843 
21773 11432 
21653 12005 
21278 11786 
21439 11332 
21285 11008 
21097 10727 
20997 11091 
20407 10691 
20386 11099 
20170 11118 
19822 11407 
20043 11466 
20144 11530 
20371 11208 
20948 11147 
20496 11696 
21007 11723 
21119 11812 
21062 11832 
21182 12013 
21090 12051 
20836 11942 
20599 11809 
20689 12071 
20240 12194 
20511 12674 
20668 12553 
20543 12702 
20587 13019 
20089 12975 
20523 13120 
20630 13107 
20829 13291 
20703 12971 
20901 12721 
21047 13214 
21267 13062 
21353 13098 
21261 12854 
21202 12736 
21033 12339 
21536 12563 
22124 12642 
22049 12770 
21755 13232 
21988 13302 
22007 13370 
22135 13187 
22088 12930 
22445 12715 
22636 13064 
23029 13151 
23158 13344 
23275 13508 
23341 13718 
23144 13603 
22702 13427 
22225 13274 
22136 13571 
22376 13871 
21974 13972 
21800 13727 
21281 14498 
20817 14122 
21076 14560 
21252 14659 
21670 14737 
22112 14403 
22401 13921 
22459 14565 
23016 14678 
22886 14990 
23073 14657 
22755 14241 
23069 14053 
23407 14189 
23477 14458 
23258 14515 
23453 14523 
23384 14754 
23672 14534 
24183 14847 
24437 14878 
24810 14876 
24955 14976 
25102 15222 
24902 15368 
24839 15519 
24433 15464 
24029 15163 
23932 15059 
23987 15171 
23840 15218 
23678 15244 
23667 15113 
23002 15156 
22729 15163 
22596 15139 
22407 14980 
22462 15521 
21807 14925 
21470 15124 
21605 15492 
21411 15316 
21379 15275 
21289 15446 
21067 14877 
21124 14784 
20845 14771 
20652 14421 
20558 14138 
20377 13780 
20355 13772 
19819 13781 
19842 13883 
19818 13990 
19459 13759 
19210 13860 
19203 13598 
19639 13268 
18922 13112 
19014 12907 
18518 13143 
18827 12593 
18134 12951 
18090 13202 
18460 13404 
19076 13526 
18985 14012 
19249 13951 
19523 14089 
19537 14113 
19126 14663 
19667 14453 
19828 14439 
20529 14473 
19741 14617 
20603 15027 
20683 15149 
20197 15296 
19813 15547 
19206 14915 
19344 15548 
19004 15272 
18986 14998 
18780 15247 
18543 15063 
18768 14782 
18406 14801 
18099 15095 
17651 15595 
17447 15706 
17627 15831 
18047 15945 
17809 16026 
18106 16065 
18179 16223 
18263 16039 
18404 16094 
18564 15727 
18638 15619 
18737 15478 
19000 15305 
19015 15337 
18794 15869 
19026 16112 
19333 15905 
19034 16174 
18837 16052 
18848 16442 
18831 16508 
18328 16550 
18296 17005 
18675 16782 
18723 16722 
18751 17035 
19222 17031 
19006 16680 
19432 16332 
19900 15943 
19449 15783 
19775 15660 
19953 15903 
20284 15539 
20731 15700 
20476 15758 
20842 16089 
20396 16224 
20148 16429 
19576 16403 
19541 16653 
19777 16713 
19789 16951 
20253 16599 
21040 16666 
20899 16153 
20989 15824 
21201 15654 
21250 16157 
21685 15957 
21709 15768 
22213 15999 
22027 16217 
22158 16291 
22207 16418 
21693 16290 
21312 16306 
21451 16767 
21181 17116 
21001 17046 
20402 17034 
19840 17412 
19754 17298 
19493 17179 
19387 17257 
19595 17813 
19766 17666 
19653 17787 
19786 17948 
20055 17721 
20136 17586 
20974 17496 
20614 18084 
20736 18610 
20855 18055 
21026 18079 
21017 18012 
21277 17996 
21432 17964 
21313 17855 
21114 17688 
21119 17492 
21451 17484 
21964 17195 
21967 16873 
22378 16618 
22357 16114 
22272 15889 
22794 15647 
22907 15267 
22981 15237 
23005 15760 
23405 15422 
23019 15801 
23498 15948 
23627 15939 
23458 16024 
22989 15887 
22971 15968 
22887 16160 
22525 16654 
23165 16588 
23468 16502 
23489 16655 
23527 16512 
23799 16870 
23913 16320 
23756 15885 
24319 15499 
24329 15670 
24137 16068 
24067 16430 
24384 16164 
24419 16283 
24711 16717 
24521 16299 
24722 16402 
24775 16077 
24873 15903 
24986 15734 
25049 15463 
25171 15729 
25455 15402 
25270 15750 
25134 16357 
25588 16079 
25389 16491 
25733 16325 
25862 16059 
25834 16380 
26168 16245 
26176 16238 
26082 15938 
26366 15868 
26144 15725 
25752 15416 
26284 15077 
26400 15235 
26475 15057 
26569 15472 
26916 15314 
26975 15249 
26964 15606 
27089 15125 
27757 15756 
27948 15786 
27966 15247 
28195 15046 
28182 15457 
28563 15719 
28295 15857 
28160 15955 
28107 16082 
28124 16126 
27997 16235 
27789 15913 
27681 15895 
27364 16011 
27776 16310 
28163 16304 
28358 16320 
28347 16283 
28326 16241 
28616 16055 
28725 15857 
28946 16175 
28928 15595 
28950 15421 
29116 15230 
29779 15211 
29751 15357 
29609 15548 
29429 15964 
29791 15697 
29985 15655 
29972 15706 
29885 15832 
29927 15865 
29475 16331 
29953 17812 
29624 17834 
29520 17419 
29485 17441 
29059 17427 
29276 17024 
28958 16748 
29031 16665 
29056 16614 
28661 16618 
28908 16772 
28690 16747 
28367 16637 
28739 16845 
28114 17753 
27825 17793 
27987 17133 
27956 16879 
27339 16900 
27414 17471 
27071 17107 
26991 17108 
26689 16475 
26554 16835 
26248 16747 
25913 16619 
25924 16698 
26140 16942 
26804 17557 
27053 17736 
27092 17700 
27134 17681 
27155 17673 
27451 17750 
27737 17825 
27771 17832 
27578 18044 
27512 17874 
27138 17925 
26697 18432 
27093 17857 
26370 18155 
26333 17842 
25949 17288 
25309 17176 
25265 17134 
25115 17363 
24864 17341 
